9 0.877344 0.291406 0.187500 0.250000
8 0.650781 0.176563 0.187500 0.250000
21 0.206250 0.732031 0.187500 0.250000
12 0.470313 0.872656 0.187500 0.250000
25 0.707812 0.364063 0.187500 0.250000
15 0.380469 0.507031 0.187500 0.250000
30 0.174219 0.185156 0.187500 0.250000
14 0.327344 0.217969 0.187500 0.250000
4 0.857031 0.796875 0.187500 0.250000
3 0.757031 0.583594 0.187500 0.250000
24 0.517969 0.349219 0.187500 0.250000
12 0.134375 0.503906 0.187500 0.250000
3 0.688281 0.815625 0.187500 0.250000
21 0.603906 0.553125 0.187500 0.250000
