21 0.138281 0.474219 0.187500 0.250000
27 0.683594 0.775000 0.187500 0.250000
33 0.732031 0.542188 0.187500 0.250000
17 0.189844 0.771094 0.187500 0.250000
27 0.207031 0.275000 0.187500 0.250000
10 0.697656 0.172656 0.187500 0.250000
9 0.467969 0.455469 0.187500 0.250000
18 0.390625 0.864844 0.187500 0.250000
24 0.278125 0.600781 0.187500 0.250000
30 0.449219 0.246875 0.187500 0.250000
10 0.852344 0.732031 0.187500 0.250000
18 0.450000 0.672656 0.187500 0.250000
31 0.869531 0.335938 0.187500 0.250000
21 0.596094 0.346875 0.187500 0.250000
