30 0.729688 0.382812 0.187500 0.250000
32 0.296094 0.276562 0.187500 0.250000
30 0.500000 0.553125 0.187500 0.250000
17 0.479687 0.793750 0.187500 0.250000
23 0.196875 0.590625 0.187500 0.250000
9 0.107813 0.246094 0.187500 0.250000
22 0.251563 0.842969 0.187500 0.250000
11 0.862500 0.832031 0.187500 0.250000
6 0.828906 0.607812 0.187500 0.250000
12 0.896094 0.338281 0.187500 0.250000
16 0.566406 0.289062 0.187500 0.250000
28 0.110156 0.759375 0.187500 0.250000
20 0.723437 0.133594 0.187500 0.250000
