24 0.630469 0.507812 0.187500 0.250000
21 0.533594 0.337500 0.187500 0.250000
22 0.173437 0.773438 0.187500 0.250000
2 0.248438 0.399219 0.187500 0.250000
16 0.857031 0.387500 0.187500 0.250000
13 0.214062 0.146094 0.187500 0.250000
16 0.881250 0.793750 0.187500 0.250000
13 0.394531 0.703125 0.187500 0.250000
33 0.689844 0.189062 0.187500 0.250000
17 0.635938 0.785156 0.187500 0.250000
30 0.490625 0.138281 0.187500 0.250000
15 0.832812 0.125781 0.187500 0.250000
26 0.895312 0.585156 0.187500 0.250000
