17 0.863281 0.200000 0.187500 0.250000
29 0.671875 0.657813 0.187500 0.250000
24 0.691406 0.238281 0.187500 0.250000
33 0.358594 0.711719 0.187500 0.250000
2 0.406250 0.198437 0.187500 0.250000
23 0.118750 0.469531 0.187500 0.250000
16 0.167969 0.696094 0.187500 0.250000
32 0.878125 0.664844 0.187500 0.250000
18 0.760938 0.475781 0.187500 0.250000
20 0.159375 0.168750 0.187500 0.250000
11 0.378125 0.507812 0.187500 0.250000
18 0.561719 0.450000 0.187500 0.250000
21 0.271094 0.338281 0.187500 0.250000
30 0.602344 0.854688 0.187500 0.250000
