10 0.376563 0.836719 0.187500 0.250000
6 0.571094 0.308594 0.187500 0.250000
22 0.579688 0.605469 0.187500 0.250000
26 0.394531 0.564063 0.187500 0.250000
15 0.878125 0.182812 0.187500 0.250000
12 0.308594 0.278906 0.187500 0.250000
33 0.157812 0.617188 0.187500 0.250000
26 0.096094 0.155469 0.187500 0.250000
27 0.684375 0.781250 0.187500 0.250000
6 0.185156 0.409375 0.187500 0.250000
25 0.892969 0.687500 0.187500 0.250000
27 0.732812 0.396875 0.187500 0.250000
33 0.112500 0.811719 0.187500 0.250000
15 0.898438 0.409375 0.187500 0.250000
