33 0.825000 0.193750 0.187500 0.250000
33 0.752344 0.599219 0.187500 0.250000
22 0.312500 0.870313 0.187500 0.250000
12 0.410938 0.704688 0.187500 0.250000
4 0.157031 0.839844 0.187500 0.250000
17 0.362500 0.512500 0.187500 0.250000
25 0.143750 0.432812 0.187500 0.250000
26 0.621094 0.321094 0.187500 0.250000
10 0.610156 0.726562 0.187500 0.250000
24 0.304688 0.157812 0.187500 0.250000
0 0.467969 0.147656 0.187500 0.250000
2 0.218750 0.642188 0.187500 0.250000
9 0.881250 0.422656 0.187500 0.250000
28 0.115625 0.220312 0.187500 0.250000
