10 0.679688 0.274219 0.187500 0.250000
11 0.447656 0.754687 0.187500 0.250000
20 0.199219 0.860938 0.187500 0.250000
25 0.900781 0.866406 0.187500 0.250000
29 0.284375 0.496875 0.187500 0.250000
20 0.309375 0.143750 0.187500 0.250000
18 0.761719 0.730469 0.187500 0.250000
18 0.114062 0.227344 0.187500 0.250000
18 0.639844 0.851562 0.187500 0.250000
21 0.503125 0.385937 0.187500 0.250000
21 0.860938 0.353906 0.187500 0.250000
17 0.649219 0.553125 0.187500 0.250000
31 0.154688 0.650781 0.187500 0.250000
33 0.825000 0.158594 0.187500 0.250000
