22 0.575000 0.451562 0.187500 0.250000
21 0.503125 0.169531 0.187500 0.250000
32 0.454688 0.677344 0.187500 0.250000
32 0.773438 0.424219 0.187500 0.250000
30 0.718750 0.620313 0.187500 0.250000
17 0.692187 0.235156 0.187500 0.250000
28 0.269531 0.230469 0.187500 0.250000
22 0.262500 0.832031 0.187500 0.250000
30 0.199219 0.552344 0.187500 0.250000
11 0.653906 0.803906 0.187500 0.250000
16 0.900000 0.853906 0.187500 0.250000
13 0.403125 0.405469 0.187500 0.250000
12 0.111719 0.790625 0.187500 0.250000
26 0.109375 0.153125 0.187500 0.250000
