32 0.585938 0.382812 0.187500 0.250000
27 0.457031 0.641406 0.187500 0.250000
11 0.789844 0.423438 0.187500 0.250000
33 0.264062 0.271094 0.187500 0.250000
29 0.119531 0.728125 0.187500 0.250000
20 0.300781 0.772656 0.187500 0.250000
16 0.685156 0.145313 0.187500 0.250000
29 0.675781 0.625000 0.187500 0.250000
28 0.408594 0.360938 0.187500 0.250000
13 0.842187 0.131250 0.187500 0.250000
5 0.215625 0.503125 0.187500 0.250000
33 0.831250 0.821094 0.187500 0.250000
29 0.122656 0.170313 0.187500 0.250000
8 0.569531 0.809375 0.187500 0.250000
