10 0.492188 0.314063 0.187500 0.250000
14 0.800000 0.327344 0.187500 0.250000
3 0.635156 0.703906 0.187500 0.250000
17 0.840625 0.725781 0.187500 0.250000
17 0.290625 0.578125 0.187500 0.250000
8 0.346875 0.217969 0.187500 0.250000
16 0.237500 0.767188 0.187500 0.250000
33 0.116406 0.461719 0.187500 0.250000
25 0.666406 0.142187 0.187500 0.250000
4 0.418750 0.850000 0.187500 0.250000
9 0.153906 0.200000 0.187500 0.250000
19 0.675781 0.479687 0.187500 0.250000
0 0.831250 0.130469 0.187500 0.250000
