21 0.491406 0.460938 0.187500 0.250000
15 0.438281 0.852344 0.187500 0.250000
31 0.578125 0.707812 0.187500 0.250000
30 0.743750 0.789062 0.187500 0.250000
26 0.293750 0.800000 0.187500 0.250000
32 0.782813 0.371875 0.187500 0.250000
24 0.102344 0.219531 0.187500 0.250000
8 0.629687 0.174219 0.187500 0.250000
5 0.260156 0.520312 0.187500 0.250000
31 0.327344 0.335156 0.187500 0.250000
33 0.712500 0.592969 0.187500 0.250000
6 0.302344 0.134375 0.187500 0.250000
17 0.158594 0.702344 0.187500 0.250000
11 0.887500 0.863281 0.187500 0.250000
