5 0.367969 0.810156 0.187500 0.250000
3 0.357031 0.279687 0.187500 0.250000
8 0.695312 0.773438 0.187500 0.250000
29 0.495312 0.495312 0.187500 0.250000
16 0.119531 0.273438 0.187500 0.250000
26 0.802344 0.341406 0.187500 0.250000
31 0.242969 0.682813 0.187500 0.250000
24 0.496094 0.142969 0.187500 0.250000
17 0.884375 0.725000 0.187500 0.250000
12 0.641406 0.303906 0.187500 0.250000
17 0.100781 0.574219 0.187500 0.250000
16 0.768750 0.578125 0.187500 0.250000
31 0.111719 0.814063 0.187500 0.250000
11 0.535937 0.696094 0.187500 0.250000
