3 0.867188 0.175000 0.187500 0.250000
32 0.807813 0.374219 0.187500 0.250000
21 0.096094 0.495312 0.187500 0.250000
31 0.532813 0.582812 0.187500 0.250000
28 0.224219 0.164062 0.187500 0.250000
33 0.601562 0.266406 0.187500 0.250000
14 0.764844 0.794531 0.187500 0.250000
12 0.260937 0.440625 0.187500 0.250000
16 0.264844 0.798438 0.187500 0.250000
12 0.414844 0.369531 0.187500 0.250000
8 0.108594 0.728906 0.187500 0.250000
29 0.521875 0.803125 0.187500 0.250000
19 0.442188 0.154688 0.187500 0.250000
