16 0.564063 0.792188 0.187500 0.250000
23 0.903906 0.274219 0.187500 0.250000
22 0.801562 0.854688 0.187500 0.250000
19 0.493750 0.572656 0.187500 0.250000
32 0.640625 0.148438 0.187500 0.250000
22 0.431250 0.198437 0.187500 0.250000
19 0.121094 0.566406 0.187500 0.250000
30 0.182812 0.869531 0.187500 0.250000
13 0.762500 0.433594 0.187500 0.250000
7 0.286719 0.401562 0.187500 0.250000
7 0.305469 0.636719 0.187500 0.250000
20 0.152344 0.272656 0.187500 0.250000
20 0.374219 0.850781 0.187500 0.250000
9 0.721094 0.681250 0.187500 0.250000
