33 0.189844 0.775000 0.187500 0.250000
1 0.097656 0.335938 0.187500 0.250000
14 0.314844 0.187500 0.187500 0.250000
4 0.319531 0.496875 0.187500 0.250000
5 0.546875 0.670312 0.187500 0.250000
24 0.775781 0.593750 0.187500 0.250000
11 0.674219 0.272656 0.187500 0.250000
23 0.488281 0.155469 0.187500 0.250000
5 0.858594 0.817969 0.187500 0.250000
20 0.444531 0.838281 0.187500 0.250000
30 0.891406 0.206250 0.187500 0.250000
8 0.576562 0.464844 0.187500 0.250000
4 0.638281 0.844531 0.187500 0.250000
1 0.141406 0.561719 0.187500 0.250000
