32 0.236719 0.275000 0.187500 0.250000
3 0.896875 0.618750 0.187500 0.250000
5 0.380469 0.185938 0.187500 0.250000
26 0.887500 0.132031 0.187500 0.250000
2 0.293750 0.728906 0.187500 0.250000
33 0.518750 0.573438 0.187500 0.250000
13 0.654687 0.340625 0.187500 0.250000
23 0.753125 0.847656 0.187500 0.250000
5 0.139844 0.455469 0.187500 0.250000
25 0.592187 0.802344 0.187500 0.250000
18 0.712500 0.628125 0.187500 0.250000
29 0.095312 0.774219 0.187500 0.250000
5 0.499219 0.357031 0.187500 0.250000
13 0.859375 0.332031 0.187500 0.250000
