0 0.298438 0.324219 0.187500 0.250000
6 0.269531 0.551562 0.187500 0.250000
4 0.781250 0.304688 0.187500 0.250000
17 0.809375 0.723437 0.187500 0.250000
0 0.554688 0.364063 0.187500 0.250000
1 0.280469 0.786719 0.187500 0.250000
9 0.440625 0.846875 0.187500 0.250000
14 0.114062 0.314063 0.187500 0.250000
20 0.610938 0.600000 0.187500 0.250000
11 0.107031 0.569531 0.187500 0.250000
25 0.547656 0.126562 0.187500 0.250000
29 0.196094 0.134375 0.187500 0.250000
28 0.641406 0.860938 0.187500 0.250000
33 0.442188 0.543750 0.187500 0.250000
