15 0.703906 0.800781 0.187500 0.250000
31 0.353125 0.172656 0.187500 0.250000
10 0.503906 0.850000 0.187500 0.250000
21 0.820312 0.136719 0.187500 0.250000
32 0.900000 0.565625 0.187500 0.250000
12 0.367969 0.660156 0.187500 0.250000
27 0.393750 0.392188 0.187500 0.250000
18 0.742969 0.577344 0.187500 0.250000
25 0.661719 0.346875 0.187500 0.250000
31 0.198437 0.185156 0.187500 0.250000
19 0.121094 0.376563 0.187500 0.250000
19 0.557813 0.625781 0.187500 0.250000
30 0.216406 0.594531 0.187500 0.250000
13 0.886719 0.341406 0.187500 0.250000
