17 0.847656 0.392969 0.187500 0.250000
21 0.516406 0.699219 0.187500 0.250000
2 0.217969 0.600781 0.187500 0.250000
5 0.408594 0.203906 0.187500 0.250000
20 0.164062 0.353906 0.187500 0.250000
16 0.623437 0.318750 0.187500 0.250000
9 0.477344 0.450000 0.187500 0.250000
3 0.815625 0.727344 0.187500 0.250000
26 0.125000 0.136719 0.187500 0.250000
25 0.713281 0.138281 0.187500 0.250000
23 0.132812 0.778906 0.187500 0.250000
13 0.730469 0.549219 0.187500 0.250000
1 0.888281 0.135156 0.187500 0.250000
24 0.378906 0.804688 0.187500 0.250000
