16 0.124219 0.764844 0.187500 0.250000
0 0.775781 0.575000 0.187500 0.250000
15 0.732031 0.129688 0.187500 0.250000
25 0.594531 0.765625 0.187500 0.250000
9 0.898438 0.228125 0.187500 0.250000
15 0.266406 0.828906 0.187500 0.250000
7 0.766406 0.335938 0.187500 0.250000
24 0.565625 0.560937 0.187500 0.250000
22 0.417969 0.407031 0.187500 0.250000
18 0.593750 0.238281 0.187500 0.250000
21 0.310937 0.553125 0.187500 0.250000
24 0.119531 0.290625 0.187500 0.250000
17 0.353906 0.157812 0.187500 0.250000
31 0.904687 0.755469 0.187500 0.250000
