24 0.667969 0.616406 0.187500 0.250000
5 0.123438 0.271875 0.187500 0.250000
11 0.528125 0.404687 0.187500 0.250000
28 0.427344 0.856250 0.187500 0.250000
21 0.107031 0.610156 0.187500 0.250000
33 0.446094 0.595313 0.187500 0.250000
13 0.357031 0.280469 0.187500 0.250000
23 0.578906 0.204687 0.187500 0.250000
21 0.814063 0.185156 0.187500 0.250000
16 0.821875 0.517188 0.187500 0.250000
10 0.850781 0.718750 0.187500 0.250000
24 0.301563 0.686719 0.187500 0.250000
1 0.098437 0.862500 0.187500 0.250000
24 0.577344 0.828906 0.187500 0.250000
