15 0.728125 0.471875 0.187500 0.250000
7 0.564063 0.728125 0.187500 0.250000
11 0.379688 0.546875 0.187500 0.250000
0 0.625781 0.300000 0.187500 0.250000
15 0.793750 0.810937 0.187500 0.250000
13 0.133594 0.774219 0.187500 0.250000
9 0.838281 0.295312 0.187500 0.250000
14 0.371875 0.339062 0.187500 0.250000
9 0.157812 0.296094 0.187500 0.250000
14 0.871875 0.569531 0.187500 0.250000
24 0.093750 0.564063 0.187500 0.250000
29 0.734375 0.145313 0.187500 0.250000
3 0.434375 0.146094 0.187500 0.250000
