15 0.215625 0.396875 0.187500 0.250000
20 0.353906 0.586719 0.187500 0.250000
15 0.793750 0.682031 0.187500 0.250000
26 0.401562 0.151562 0.187500 0.250000
14 0.442188 0.353125 0.187500 0.250000
5 0.539062 0.852344 0.187500 0.250000
23 0.825000 0.356250 0.187500 0.250000
0 0.653125 0.495312 0.187500 0.250000
9 0.132812 0.637500 0.187500 0.250000
33 0.257812 0.863281 0.187500 0.250000
13 0.228906 0.142969 0.187500 0.250000
23 0.515625 0.632812 0.187500 0.250000
4 0.900781 0.534375 0.187500 0.250000
9 0.748437 0.175000 0.187500 0.250000
