33 0.657813 0.875000 0.187500 0.250000
16 0.334375 0.376563 0.187500 0.250000
33 0.281250 0.668750 0.187500 0.250000
24 0.107031 0.536719 0.187500 0.250000
24 0.655469 0.485156 0.187500 0.250000
3 0.800000 0.218750 0.187500 0.250000
11 0.487500 0.481250 0.187500 0.250000
12 0.833594 0.549219 0.187500 0.250000
28 0.903125 0.760156 0.187500 0.250000
3 0.126562 0.166406 0.187500 0.250000
12 0.192969 0.846094 0.187500 0.250000
6 0.455469 0.194531 0.187500 0.250000
0 0.466406 0.850781 0.187500 0.250000
