21 0.363281 0.303125 0.187500 0.250000
15 0.665625 0.385156 0.187500 0.250000
9 0.129688 0.164062 0.187500 0.250000
4 0.821875 0.816406 0.187500 0.250000
10 0.121875 0.376563 0.187500 0.250000
1 0.317188 0.585156 0.187500 0.250000
33 0.654687 0.145313 0.187500 0.250000
17 0.333594 0.791406 0.187500 0.250000
17 0.123438 0.741406 0.187500 0.250000
33 0.597656 0.596875 0.187500 0.250000
29 0.767969 0.585156 0.187500 0.250000
12 0.896094 0.132812 0.187500 0.250000
32 0.594531 0.819531 0.187500 0.250000
13 0.844531 0.395313 0.187500 0.250000
