10 0.132812 0.497656 0.187500 0.250000
31 0.441406 0.701562 0.187500 0.250000
3 0.767969 0.764062 0.187500 0.250000
26 0.325781 0.251563 0.187500 0.250000
28 0.600000 0.660156 0.187500 0.250000
0 0.773438 0.431250 0.187500 0.250000
29 0.544531 0.233594 0.187500 0.250000
16 0.265625 0.738281 0.187500 0.250000
7 0.191406 0.133594 0.187500 0.250000
32 0.303906 0.539844 0.187500 0.250000
23 0.737500 0.202344 0.187500 0.250000
13 0.895312 0.607031 0.187500 0.250000
15 0.467969 0.425000 0.187500 0.250000
