27 0.847656 0.489844 0.187500 0.250000
27 0.658594 0.452344 0.187500 0.250000
0 0.835938 0.832812 0.187500 0.250000
22 0.416406 0.853125 0.187500 0.250000
28 0.314844 0.198437 0.187500 0.250000
27 0.140625 0.417969 0.187500 0.250000
6 0.532813 0.199219 0.187500 0.250000
1 0.123438 0.662500 0.187500 0.250000
16 0.785937 0.146875 0.187500 0.250000
17 0.146875 0.182812 0.187500 0.250000
8 0.375781 0.528906 0.187500 0.250000
8 0.559375 0.753125 0.187500 0.250000
30 0.756250 0.659375 0.187500 0.250000
