17 0.428906 0.642188 0.187500 0.250000
11 0.142969 0.700781 0.187500 0.250000
22 0.832031 0.403906 0.187500 0.250000
28 0.104688 0.210938 0.187500 0.250000
8 0.717187 0.572656 0.187500 0.250000
19 0.706250 0.840625 0.187500 0.250000
21 0.423438 0.348438 0.187500 0.250000
17 0.616406 0.141406 0.187500 0.250000
4 0.268750 0.460156 0.187500 0.250000
23 0.657031 0.353906 0.187500 0.250000
12 0.785156 0.164062 0.187500 0.250000
25 0.340625 0.812500 0.187500 0.250000
2 0.310156 0.153125 0.187500 0.250000
11 0.894531 0.722656 0.187500 0.250000
