26 0.401562 0.639062 0.187500 0.250000
14 0.863281 0.795312 0.187500 0.250000
12 0.712500 0.178125 0.187500 0.250000
11 0.199219 0.404687 0.187500 0.250000
4 0.532031 0.273438 0.187500 0.250000
21 0.831250 0.525000 0.187500 0.250000
4 0.473438 0.846875 0.187500 0.250000
8 0.557813 0.625781 0.187500 0.250000
8 0.374219 0.377344 0.187500 0.250000
29 0.246094 0.875000 0.187500 0.250000
29 0.107813 0.669531 0.187500 0.250000
2 0.672656 0.420312 0.187500 0.250000
13 0.639062 0.864844 0.187500 0.250000
26 0.262500 0.206250 0.187500 0.250000
