4 0.161719 0.223438 0.187500 0.250000
20 0.292187 0.728906 0.187500 0.250000
16 0.560937 0.158594 0.187500 0.250000
28 0.815625 0.189844 0.187500 0.250000
4 0.826562 0.555469 0.187500 0.250000
19 0.531250 0.541406 0.187500 0.250000
19 0.510938 0.742969 0.187500 0.250000
4 0.358594 0.134375 0.187500 0.250000
13 0.396875 0.382031 0.187500 0.250000
10 0.755469 0.850781 0.187500 0.250000
2 0.224219 0.445312 0.187500 0.250000
11 0.656250 0.677344 0.187500 0.250000
20 0.130469 0.811719 0.187500 0.250000
13 0.721094 0.362500 0.187500 0.250000
