12 0.814844 0.372656 0.187500 0.250000
31 0.247656 0.600000 0.187500 0.250000
18 0.526563 0.861719 0.187500 0.250000
4 0.196094 0.875000 0.187500 0.250000
10 0.550781 0.568750 0.187500 0.250000
20 0.836719 0.646094 0.187500 0.250000
29 0.167187 0.428906 0.187500 0.250000
14 0.463281 0.188281 0.187500 0.250000
19 0.197656 0.139844 0.187500 0.250000
6 0.689063 0.184375 0.187500 0.250000
7 0.379688 0.394531 0.187500 0.250000
6 0.760938 0.867969 0.187500 0.250000
3 0.854688 0.154688 0.187500 0.250000
2 0.646875 0.408594 0.187500 0.250000
