0 0.591406 0.136719 0.187500 0.250000
26 0.378906 0.603125 0.187500 0.250000
18 0.838281 0.350781 0.187500 0.250000
29 0.315625 0.328906 0.187500 0.250000
25 0.570312 0.585938 0.187500 0.250000
31 0.578906 0.341406 0.187500 0.250000
16 0.237500 0.692187 0.187500 0.250000
32 0.760156 0.703125 0.187500 0.250000
0 0.128906 0.129688 0.187500 0.250000
29 0.905469 0.596094 0.187500 0.250000
23 0.874219 0.144531 0.187500 0.250000
0 0.564844 0.792969 0.187500 0.250000
29 0.096875 0.769531 0.187500 0.250000
3 0.329688 0.853125 0.187500 0.250000
