17 0.664062 0.444531 0.187500 0.250000
28 0.405469 0.464844 0.187500 0.250000
22 0.314844 0.291406 0.187500 0.250000
25 0.267188 0.800000 0.187500 0.250000
20 0.863281 0.684375 0.187500 0.250000
9 0.864062 0.424219 0.187500 0.250000
21 0.605469 0.212500 0.187500 0.250000
3 0.780469 0.860938 0.187500 0.250000
32 0.164844 0.542188 0.187500 0.250000
3 0.093750 0.334375 0.187500 0.250000
14 0.510156 0.666406 0.187500 0.250000
8 0.450781 0.873437 0.187500 0.250000
9 0.785937 0.247656 0.187500 0.250000
28 0.689063 0.656250 0.187500 0.250000
