33 0.692187 0.446094 0.187500 0.250000
4 0.521094 0.570312 0.187500 0.250000
24 0.697656 0.756250 0.187500 0.250000
11 0.255469 0.139844 0.187500 0.250000
24 0.094531 0.446094 0.187500 0.250000
31 0.821875 0.610938 0.187500 0.250000
11 0.881250 0.845313 0.187500 0.250000
30 0.895312 0.240625 0.187500 0.250000
16 0.256250 0.425781 0.187500 0.250000
5 0.228125 0.689063 0.187500 0.250000
7 0.514062 0.779687 0.187500 0.250000
2 0.527344 0.226562 0.187500 0.250000
25 0.702344 0.175781 0.187500 0.250000
