9 0.750000 0.316406 0.187500 0.250000
20 0.374219 0.295312 0.187500 0.250000
28 0.253906 0.710156 0.187500 0.250000
30 0.539062 0.379688 0.187500 0.250000
5 0.677344 0.555469 0.187500 0.250000
33 0.792969 0.795312 0.187500 0.250000
6 0.106250 0.213281 0.187500 0.250000
21 0.563281 0.139063 0.187500 0.250000
0 0.499219 0.832812 0.187500 0.250000
19 0.401562 0.507812 0.187500 0.250000
0 0.106250 0.426563 0.187500 0.250000
8 0.879687 0.136719 0.187500 0.250000
15 0.902344 0.637500 0.187500 0.250000
29 0.106250 0.654687 0.187500 0.250000
