24 0.642969 0.720313 0.187500 0.250000
16 0.626563 0.175000 0.187500 0.250000
23 0.341406 0.480469 0.187500 0.250000
7 0.318750 0.213281 0.187500 0.250000
23 0.894531 0.434375 0.187500 0.250000
4 0.110937 0.217969 0.187500 0.250000
9 0.875781 0.153906 0.187500 0.250000
0 0.847656 0.707812 0.187500 0.250000
10 0.218750 0.675000 0.187500 0.250000
8 0.732812 0.512500 0.187500 0.250000
23 0.145313 0.871094 0.187500 0.250000
32 0.436719 0.714844 0.187500 0.250000
12 0.467187 0.350000 0.187500 0.250000
28 0.121875 0.510938 0.187500 0.250000
