19 0.435937 0.268750 0.187500 0.250000
11 0.465625 0.575000 0.187500 0.250000
31 0.785156 0.564844 0.187500 0.250000
5 0.872656 0.735938 0.187500 0.250000
26 0.118750 0.598437 0.187500 0.250000
1 0.159375 0.814063 0.187500 0.250000
0 0.294531 0.194531 0.187500 0.250000
2 0.617969 0.586719 0.187500 0.250000
0 0.640625 0.267188 0.187500 0.250000
27 0.095312 0.178125 0.187500 0.250000
6 0.300000 0.461719 0.187500 0.250000
16 0.853906 0.231250 0.187500 0.250000
19 0.399219 0.757812 0.187500 0.250000
4 0.614844 0.809375 0.187500 0.250000
