27 0.888281 0.672656 0.187500 0.250000
27 0.190625 0.721875 0.187500 0.250000
17 0.773438 0.425781 0.187500 0.250000
28 0.260156 0.310937 0.187500 0.250000
30 0.548438 0.195312 0.187500 0.250000
21 0.305469 0.561719 0.187500 0.250000
7 0.640625 0.625781 0.187500 0.250000
10 0.449219 0.635938 0.187500 0.250000
2 0.440625 0.371875 0.187500 0.250000
18 0.893750 0.138281 0.187500 0.250000
23 0.353125 0.818750 0.187500 0.250000
5 0.137500 0.189844 0.187500 0.250000
13 0.757812 0.796094 0.187500 0.250000
7 0.114062 0.500000 0.187500 0.250000
