31 0.870313 0.396094 0.187500 0.250000
23 0.162500 0.478125 0.187500 0.250000
4 0.712500 0.843750 0.187500 0.250000
18 0.478125 0.452344 0.187500 0.250000
0 0.376563 0.843750 0.187500 0.250000
1 0.853906 0.662500 0.187500 0.250000
6 0.176563 0.742969 0.187500 0.250000
8 0.257031 0.249219 0.187500 0.250000
12 0.676562 0.336719 0.187500 0.250000
17 0.897656 0.862500 0.187500 0.250000
18 0.531250 0.234375 0.187500 0.250000
31 0.387500 0.641406 0.187500 0.250000
0 0.567969 0.711719 0.187500 0.250000
1 0.855469 0.163281 0.187500 0.250000
