29 0.834375 0.699219 0.187500 0.250000
8 0.618750 0.175000 0.187500 0.250000
13 0.411719 0.147656 0.187500 0.250000
9 0.319531 0.342969 0.187500 0.250000
31 0.569531 0.723437 0.187500 0.250000
8 0.849219 0.371875 0.187500 0.250000
22 0.450000 0.514844 0.187500 0.250000
17 0.283594 0.746875 0.187500 0.250000
24 0.102344 0.676562 0.187500 0.250000
10 0.105469 0.291406 0.187500 0.250000
4 0.197656 0.502344 0.187500 0.250000
31 0.643750 0.544531 0.187500 0.250000
29 0.442969 0.871875 0.187500 0.250000
