30 0.314844 0.739844 0.187500 0.250000
20 0.701562 0.537500 0.187500 0.250000
8 0.486719 0.741406 0.187500 0.250000
19 0.541406 0.324219 0.187500 0.250000
22 0.867969 0.553125 0.187500 0.250000
10 0.731250 0.789844 0.187500 0.250000
14 0.139844 0.456250 0.187500 0.250000
23 0.818750 0.339844 0.187500 0.250000
31 0.188281 0.251563 0.187500 0.250000
1 0.369531 0.365625 0.187500 0.250000
1 0.669531 0.189844 0.187500 0.250000
32 0.139063 0.664062 0.187500 0.250000
31 0.488281 0.514062 0.187500 0.250000
25 0.877344 0.154688 0.187500 0.250000
