23 0.480469 0.424219 0.187500 0.250000
2 0.692187 0.465625 0.187500 0.250000
21 0.878906 0.705469 0.187500 0.250000
29 0.432812 0.755469 0.187500 0.250000
25 0.192969 0.360938 0.187500 0.250000
20 0.900781 0.247656 0.187500 0.250000
13 0.676562 0.693750 0.187500 0.250000
22 0.263281 0.689844 0.187500 0.250000
24 0.592969 0.246094 0.187500 0.250000
13 0.201563 0.126562 0.187500 0.250000
33 0.871094 0.497656 0.187500 0.250000
28 0.574219 0.873437 0.187500 0.250000
9 0.095312 0.592969 0.187500 0.250000
