14 0.310156 0.362500 0.187500 0.250000
1 0.861719 0.584375 0.187500 0.250000
16 0.840625 0.375781 0.187500 0.250000
22 0.206250 0.659375 0.187500 0.250000
5 0.471094 0.127344 0.187500 0.250000
9 0.885938 0.837500 0.187500 0.250000
29 0.640625 0.335156 0.187500 0.250000
19 0.174219 0.145313 0.187500 0.250000
19 0.496875 0.408594 0.187500 0.250000
24 0.681250 0.779687 0.187500 0.250000
3 0.540625 0.672656 0.187500 0.250000
23 0.100781 0.331250 0.187500 0.250000
30 0.371094 0.713281 0.187500 0.250000
1 0.729688 0.138281 0.187500 0.250000
