15 0.268750 0.682031 0.187500 0.250000
27 0.669531 0.602344 0.187500 0.250000
17 0.252344 0.239844 0.187500 0.250000
7 0.397656 0.825781 0.187500 0.250000
8 0.278125 0.479687 0.187500 0.250000
8 0.782813 0.355469 0.187500 0.250000
18 0.485938 0.216406 0.187500 0.250000
3 0.849219 0.571875 0.187500 0.250000
18 0.804688 0.140625 0.187500 0.250000
4 0.745313 0.800000 0.187500 0.250000
12 0.526563 0.415625 0.187500 0.250000
11 0.099219 0.252344 0.187500 0.250000
29 0.119531 0.828906 0.187500 0.250000
13 0.487500 0.641406 0.187500 0.250000
