22 0.645312 0.813281 0.187500 0.250000
5 0.764844 0.639062 0.187500 0.250000
0 0.535156 0.435156 0.187500 0.250000
15 0.354687 0.865625 0.187500 0.250000
15 0.378125 0.553125 0.187500 0.250000
23 0.731250 0.306250 0.187500 0.250000
24 0.900000 0.264844 0.187500 0.250000
30 0.839063 0.872656 0.187500 0.250000
31 0.221875 0.599219 0.187500 0.250000
16 0.146094 0.838281 0.187500 0.250000
9 0.269531 0.317188 0.187500 0.250000
29 0.125000 0.261719 0.187500 0.250000
31 0.509375 0.147656 0.187500 0.250000
