25 0.108594 0.566406 0.187500 0.250000
21 0.862500 0.696094 0.187500 0.250000
14 0.718750 0.585938 0.187500 0.250000
25 0.477344 0.183594 0.187500 0.250000
32 0.869531 0.463281 0.187500 0.250000
20 0.833594 0.259375 0.187500 0.250000
3 0.585938 0.399219 0.187500 0.250000
14 0.557813 0.657813 0.187500 0.250000
9 0.294531 0.564844 0.187500 0.250000
26 0.478906 0.851562 0.187500 0.250000
25 0.118750 0.149219 0.187500 0.250000
17 0.340625 0.286719 0.187500 0.250000
0 0.189844 0.834375 0.187500 0.250000
0 0.629687 0.140625 0.187500 0.250000
