13 0.591406 0.430469 0.187500 0.250000
2 0.764844 0.141406 0.187500 0.250000
33 0.347656 0.853125 0.187500 0.250000
31 0.332813 0.339844 0.187500 0.250000
12 0.885938 0.710156 0.187500 0.250000
29 0.500000 0.231250 0.187500 0.250000
15 0.359375 0.130469 0.187500 0.250000
21 0.146094 0.160938 0.187500 0.250000
3 0.127344 0.418750 0.187500 0.250000
29 0.654687 0.732812 0.187500 0.250000
33 0.733594 0.525000 0.187500 0.250000
21 0.805469 0.346875 0.187500 0.250000
0 0.130469 0.840625 0.187500 0.250000
1 0.301563 0.660937 0.187500 0.250000
