27 0.511719 0.430469 0.187500 0.250000
9 0.506250 0.660156 0.187500 0.250000
1 0.342187 0.365625 0.187500 0.250000
15 0.782031 0.596875 0.187500 0.250000
6 0.864844 0.807031 0.187500 0.250000
1 0.463281 0.228906 0.187500 0.250000
18 0.792969 0.142187 0.187500 0.250000
16 0.215625 0.157812 0.187500 0.250000
23 0.130469 0.598437 0.187500 0.250000
12 0.662500 0.278906 0.187500 0.250000
13 0.368750 0.773438 0.187500 0.250000
25 0.173437 0.828125 0.187500 0.250000
3 0.889062 0.406250 0.187500 0.250000
31 0.678906 0.851562 0.187500 0.250000
