31 0.310156 0.730469 0.187500 0.250000
24 0.814063 0.763281 0.187500 0.250000
5 0.497656 0.641406 0.187500 0.250000
26 0.295312 0.417187 0.187500 0.250000
5 0.146875 0.545312 0.187500 0.250000
25 0.836719 0.408594 0.187500 0.250000
29 0.485156 0.280469 0.187500 0.250000
6 0.687500 0.542188 0.187500 0.250000
29 0.249219 0.143750 0.187500 0.250000
16 0.660937 0.848437 0.187500 0.250000
0 0.850781 0.178125 0.187500 0.250000
12 0.642969 0.233594 0.187500 0.250000
32 0.098437 0.745313 0.187500 0.250000
