14 0.849219 0.853906 0.187500 0.250000
31 0.744531 0.703125 0.187500 0.250000
31 0.819531 0.178125 0.187500 0.250000
12 0.264844 0.365625 0.187500 0.250000
21 0.382031 0.867969 0.187500 0.250000
3 0.271875 0.569531 0.187500 0.250000
21 0.529687 0.486719 0.187500 0.250000
32 0.502344 0.180469 0.187500 0.250000
22 0.746875 0.477344 0.187500 0.250000
13 0.460156 0.681250 0.187500 0.250000
9 0.100000 0.777344 0.187500 0.250000
32 0.232813 0.157031 0.187500 0.250000
4 0.892969 0.590625 0.187500 0.250000
31 0.578906 0.868750 0.187500 0.250000
