0 0.459375 0.647656 0.187500 0.250000
4 0.298438 0.152344 0.187500 0.250000
7 0.889062 0.482031 0.187500 0.250000
11 0.112500 0.429688 0.187500 0.250000
14 0.648438 0.267969 0.187500 0.250000
22 0.407813 0.346875 0.187500 0.250000
25 0.901563 0.224219 0.187500 0.250000
3 0.286719 0.808594 0.187500 0.250000
22 0.705469 0.496875 0.187500 0.250000
16 0.106250 0.867188 0.187500 0.250000
33 0.867188 0.752344 0.187500 0.250000
1 0.634375 0.796875 0.187500 0.250000
17 0.292187 0.602344 0.187500 0.250000
6 0.551562 0.470313 0.187500 0.250000
