13 0.378125 0.615625 0.187500 0.250000
27 0.733594 0.410938 0.187500 0.250000
26 0.612500 0.234375 0.187500 0.250000
0 0.905469 0.183594 0.187500 0.250000
22 0.453906 0.239063 0.187500 0.250000
24 0.797656 0.785937 0.187500 0.250000
17 0.178125 0.614844 0.187500 0.250000
19 0.639062 0.864844 0.187500 0.250000
6 0.449219 0.834375 0.187500 0.250000
29 0.146094 0.392969 0.187500 0.250000
21 0.535156 0.585156 0.187500 0.250000
13 0.167187 0.167969 0.187500 0.250000
12 0.871875 0.600000 0.187500 0.250000
2 0.306250 0.278906 0.187500 0.250000
