23 0.889844 0.874219 0.187500 0.250000
30 0.147656 0.621875 0.187500 0.250000
5 0.761719 0.604688 0.187500 0.250000
9 0.417187 0.634375 0.187500 0.250000
17 0.192969 0.298438 0.187500 0.250000
1 0.619531 0.301563 0.187500 0.250000
21 0.329688 0.167969 0.187500 0.250000
23 0.872656 0.150781 0.187500 0.250000
24 0.905469 0.427344 0.187500 0.250000
5 0.167187 0.822656 0.187500 0.250000
22 0.283594 0.494531 0.187500 0.250000
17 0.337500 0.871875 0.187500 0.250000
23 0.554688 0.777344 0.187500 0.250000
22 0.452344 0.335156 0.187500 0.250000
