32 0.789844 0.246875 0.187500 0.250000
21 0.262500 0.502344 0.187500 0.250000
18 0.202344 0.793750 0.187500 0.250000
33 0.393750 0.849219 0.187500 0.250000
4 0.697656 0.813281 0.187500 0.250000
33 0.529687 0.671094 0.187500 0.250000
24 0.471094 0.435156 0.187500 0.250000
31 0.281250 0.143750 0.187500 0.250000
15 0.786719 0.533594 0.187500 0.250000
10 0.435937 0.239844 0.187500 0.250000
18 0.597656 0.178125 0.187500 0.250000
23 0.373437 0.642969 0.187500 0.250000
20 0.131250 0.378906 0.187500 0.250000
6 0.885156 0.837500 0.187500 0.250000
