0 0.665625 0.407031 0.187500 0.250000
16 0.354687 0.350781 0.187500 0.250000
25 0.527344 0.528125 0.187500 0.250000
17 0.244531 0.176563 0.187500 0.250000
18 0.321094 0.705469 0.187500 0.250000
28 0.667969 0.643750 0.187500 0.250000
28 0.567969 0.142969 0.187500 0.250000
17 0.173437 0.547656 0.187500 0.250000
0 0.860156 0.281250 0.187500 0.250000
16 0.675781 0.860156 0.187500 0.250000
18 0.107813 0.746094 0.187500 0.250000
13 0.835156 0.514844 0.187500 0.250000
13 0.100000 0.273438 0.187500 0.250000
25 0.824219 0.746094 0.187500 0.250000
