3 0.128125 0.584375 0.187500 0.250000
0 0.556250 0.830469 0.187500 0.250000
13 0.153906 0.148438 0.187500 0.250000
22 0.287500 0.514844 0.187500 0.250000
23 0.760938 0.356250 0.187500 0.250000
33 0.314063 0.835938 0.187500 0.250000
25 0.885156 0.215625 0.187500 0.250000
14 0.367969 0.200781 0.187500 0.250000
3 0.617969 0.160156 0.187500 0.250000
18 0.529687 0.517969 0.187500 0.250000
14 0.897656 0.758594 0.187500 0.250000
18 0.901563 0.479687 0.187500 0.250000
5 0.116406 0.849219 0.187500 0.250000
10 0.676562 0.651563 0.187500 0.250000
