26 0.260156 0.211719 0.187500 0.250000
23 0.469531 0.471875 0.187500 0.250000
31 0.097656 0.696875 0.187500 0.250000
13 0.371094 0.807031 0.187500 0.250000
3 0.117188 0.463281 0.187500 0.250000
5 0.813281 0.775000 0.187500 0.250000
26 0.684375 0.310156 0.187500 0.250000
3 0.246875 0.630469 0.187500 0.250000
6 0.664062 0.552344 0.187500 0.250000
12 0.820312 0.135937 0.187500 0.250000
6 0.596875 0.754687 0.187500 0.250000
19 0.446094 0.126562 0.187500 0.250000
13 0.886719 0.347656 0.187500 0.250000
