30 0.486719 0.494531 0.187500 0.250000
31 0.454688 0.739844 0.187500 0.250000
24 0.374219 0.304688 0.187500 0.250000
18 0.883594 0.498437 0.187500 0.250000
14 0.689844 0.658594 0.187500 0.250000
30 0.235937 0.712500 0.187500 0.250000
0 0.108594 0.189062 0.187500 0.250000
7 0.858594 0.278125 0.187500 0.250000
11 0.819531 0.846094 0.187500 0.250000
28 0.189062 0.385937 0.187500 0.250000
0 0.696094 0.435156 0.187500 0.250000
19 0.348438 0.572656 0.187500 0.250000
10 0.659375 0.866406 0.187500 0.250000
27 0.567969 0.165625 0.187500 0.250000
