17 0.610938 0.133594 0.187500 0.250000
22 0.224219 0.231250 0.187500 0.250000
26 0.903125 0.569531 0.187500 0.250000
19 0.552344 0.587500 0.187500 0.250000
31 0.456250 0.309375 0.187500 0.250000
19 0.746875 0.357031 0.187500 0.250000
21 0.376563 0.630469 0.187500 0.250000
29 0.177344 0.438281 0.187500 0.250000
7 0.604688 0.868750 0.187500 0.250000
13 0.874219 0.215625 0.187500 0.250000
22 0.448437 0.828125 0.187500 0.250000
21 0.273438 0.816406 0.187500 0.250000
10 0.733594 0.714844 0.187500 0.250000
15 0.113281 0.776563 0.187500 0.250000
