33 0.119531 0.227344 0.187500 0.250000
25 0.574219 0.378125 0.187500 0.250000
15 0.676562 0.633594 0.187500 0.250000
17 0.626563 0.181250 0.187500 0.250000
18 0.885156 0.580469 0.187500 0.250000
21 0.439844 0.275000 0.187500 0.250000
10 0.296875 0.837500 0.187500 0.250000
4 0.456250 0.735938 0.187500 0.250000
4 0.307031 0.628125 0.187500 0.250000
12 0.298438 0.151562 0.187500 0.250000
28 0.133594 0.650000 0.187500 0.250000
9 0.749219 0.844531 0.187500 0.250000
4 0.768750 0.310156 0.187500 0.250000
12 0.243750 0.445312 0.187500 0.250000
