24 0.355469 0.671875 0.187500 0.250000
22 0.642969 0.687500 0.187500 0.250000
30 0.132812 0.682031 0.187500 0.250000
12 0.114844 0.449219 0.187500 0.250000
32 0.765625 0.810156 0.187500 0.250000
22 0.218750 0.190625 0.187500 0.250000
33 0.745313 0.357031 0.187500 0.250000
33 0.370312 0.442969 0.187500 0.250000
30 0.548438 0.515625 0.187500 0.250000
28 0.520312 0.818750 0.187500 0.250000
1 0.864062 0.582812 0.187500 0.250000
17 0.634375 0.197656 0.187500 0.250000
22 0.471094 0.189062 0.187500 0.250000
