1 0.256250 0.553906 0.187500 0.250000
10 0.528125 0.735938 0.187500 0.250000
26 0.871094 0.837500 0.187500 0.250000
7 0.210156 0.746094 0.187500 0.250000
15 0.396875 0.240625 0.187500 0.250000
25 0.857031 0.273438 0.187500 0.250000
15 0.664062 0.497656 0.187500 0.250000
17 0.480469 0.494531 0.187500 0.250000
32 0.844531 0.632031 0.187500 0.250000
22 0.136719 0.331250 0.187500 0.250000
16 0.560156 0.190625 0.187500 0.250000
17 0.099219 0.594531 0.187500 0.250000
16 0.363281 0.702344 0.187500 0.250000
