17 0.720313 0.532031 0.187500 0.250000
13 0.670312 0.339844 0.187500 0.250000
3 0.335156 0.192188 0.187500 0.250000
3 0.782813 0.818750 0.187500 0.250000
12 0.376563 0.690625 0.187500 0.250000
15 0.265625 0.376563 0.187500 0.250000
31 0.132031 0.742969 0.187500 0.250000
25 0.621875 0.810156 0.187500 0.250000
19 0.859375 0.341406 0.187500 0.250000
11 0.182812 0.153125 0.187500 0.250000
14 0.528125 0.220312 0.187500 0.250000
13 0.690625 0.128906 0.187500 0.250000
11 0.882812 0.605469 0.187500 0.250000
5 0.435156 0.501563 0.187500 0.250000
