27 0.900781 0.773438 0.187500 0.250000
21 0.782813 0.157812 0.187500 0.250000
14 0.407813 0.142969 0.187500 0.250000
27 0.809375 0.360938 0.187500 0.250000
18 0.455469 0.482812 0.187500 0.250000
11 0.112500 0.504687 0.187500 0.250000
20 0.328125 0.615625 0.187500 0.250000
29 0.658594 0.328906 0.187500 0.250000
25 0.167969 0.720313 0.187500 0.250000
4 0.456250 0.835156 0.187500 0.250000
27 0.623437 0.604688 0.187500 0.250000
29 0.342187 0.345313 0.187500 0.250000
28 0.248438 0.149219 0.187500 0.250000
0 0.698438 0.846094 0.187500 0.250000
