33 0.129688 0.675000 0.187500 0.250000
29 0.549219 0.796094 0.187500 0.250000
16 0.781250 0.607031 0.187500 0.250000
4 0.101562 0.283594 0.187500 0.250000
18 0.638281 0.396094 0.187500 0.250000
18 0.899219 0.175781 0.187500 0.250000
7 0.411719 0.135156 0.187500 0.250000
10 0.827344 0.367188 0.187500 0.250000
11 0.424219 0.539844 0.187500 0.250000
25 0.603906 0.139063 0.187500 0.250000
14 0.273438 0.488281 0.187500 0.250000
19 0.390625 0.754687 0.187500 0.250000
28 0.271875 0.248438 0.187500 0.250000
19 0.716406 0.830469 0.187500 0.250000
