25 0.414844 0.714844 0.187500 0.250000
5 0.265625 0.280469 0.187500 0.250000
22 0.800781 0.843750 0.187500 0.250000
29 0.628906 0.458594 0.187500 0.250000
2 0.866406 0.135156 0.187500 0.250000
6 0.703906 0.670312 0.187500 0.250000
11 0.271094 0.850000 0.187500 0.250000
28 0.714844 0.150000 0.187500 0.250000
3 0.411719 0.339844 0.187500 0.250000
10 0.906250 0.383594 0.187500 0.250000
12 0.514062 0.137500 0.187500 0.250000
22 0.217188 0.488281 0.187500 0.250000
15 0.117969 0.135937 0.187500 0.250000
25 0.105469 0.839844 0.187500 0.250000
