20 0.522656 0.710156 0.187500 0.250000
28 0.726562 0.564063 0.187500 0.250000
33 0.171094 0.446094 0.187500 0.250000
24 0.325781 0.400781 0.187500 0.250000
16 0.831250 0.358594 0.187500 0.250000
3 0.675781 0.871875 0.187500 0.250000
4 0.250000 0.765625 0.187500 0.250000
15 0.634375 0.175000 0.187500 0.250000
27 0.121875 0.157031 0.187500 0.250000
31 0.118750 0.864844 0.187500 0.250000
10 0.478906 0.389062 0.187500 0.250000
25 0.875781 0.836719 0.187500 0.250000
23 0.354687 0.165625 0.187500 0.250000
10 0.389062 0.615625 0.187500 0.250000
