18 0.117969 0.382812 0.187500 0.250000
22 0.319531 0.230469 0.187500 0.250000
2 0.417187 0.607812 0.187500 0.250000
24 0.588281 0.244531 0.187500 0.250000
17 0.560156 0.825000 0.187500 0.250000
26 0.096875 0.585938 0.187500 0.250000
17 0.878906 0.346875 0.187500 0.250000
4 0.582031 0.595313 0.187500 0.250000
25 0.356250 0.793750 0.187500 0.250000
23 0.735156 0.181250 0.187500 0.250000
21 0.703906 0.411719 0.187500 0.250000
31 0.749219 0.614062 0.187500 0.250000
11 0.315625 0.438281 0.187500 0.250000
19 0.717969 0.810937 0.187500 0.250000
