4 0.763281 0.395313 0.187500 0.250000
12 0.712500 0.175781 0.187500 0.250000
7 0.360938 0.566406 0.187500 0.250000
29 0.322656 0.212500 0.187500 0.250000
1 0.901563 0.176563 0.187500 0.250000
13 0.128906 0.356250 0.187500 0.250000
28 0.637500 0.635156 0.187500 0.250000
22 0.195312 0.625781 0.187500 0.250000
22 0.517188 0.439063 0.187500 0.250000
0 0.863281 0.810156 0.187500 0.250000
9 0.131250 0.854688 0.187500 0.250000
18 0.346094 0.815625 0.187500 0.250000
7 0.536719 0.217188 0.187500 0.250000
