21 0.493750 0.467969 0.187500 0.250000
25 0.749219 0.584375 0.187500 0.250000
19 0.650781 0.322656 0.187500 0.250000
26 0.407031 0.285938 0.187500 0.250000
10 0.103906 0.139063 0.187500 0.250000
10 0.215625 0.314063 0.187500 0.250000
18 0.118750 0.672656 0.187500 0.250000
5 0.554688 0.711719 0.187500 0.250000
2 0.882031 0.778906 0.187500 0.250000
27 0.279687 0.560937 0.187500 0.250000
20 0.862500 0.174219 0.187500 0.250000
13 0.235156 0.832812 0.187500 0.250000
0 0.714063 0.868750 0.187500 0.250000
1 0.386719 0.788281 0.187500 0.250000
