5 0.860156 0.483594 0.187500 0.250000
1 0.903906 0.785937 0.187500 0.250000
13 0.512500 0.125781 0.187500 0.250000
8 0.126562 0.669531 0.187500 0.250000
22 0.568750 0.493750 0.187500 0.250000
0 0.398438 0.550000 0.187500 0.250000
21 0.275781 0.346875 0.187500 0.250000
13 0.124219 0.253906 0.187500 0.250000
26 0.379688 0.822656 0.187500 0.250000
0 0.691406 0.139844 0.187500 0.250000
4 0.669531 0.771875 0.187500 0.250000
11 0.522656 0.687500 0.187500 0.250000
16 0.450781 0.355469 0.187500 0.250000
24 0.846094 0.201563 0.187500 0.250000
