13 0.356250 0.353906 0.187500 0.250000
20 0.812500 0.383594 0.187500 0.250000
15 0.702344 0.212500 0.187500 0.250000
11 0.333594 0.616406 0.187500 0.250000
2 0.578906 0.590625 0.187500 0.250000
12 0.883594 0.709375 0.187500 0.250000
14 0.592187 0.818750 0.187500 0.250000
2 0.187500 0.189844 0.187500 0.250000
12 0.517188 0.142187 0.187500 0.250000
18 0.117188 0.367188 0.187500 0.250000
2 0.882031 0.192969 0.187500 0.250000
8 0.163281 0.827344 0.187500 0.250000
27 0.736719 0.586719 0.187500 0.250000
10 0.420312 0.853906 0.187500 0.250000
