33 0.832031 0.259375 0.187500 0.250000
11 0.107813 0.334375 0.187500 0.250000
12 0.262500 0.193750 0.187500 0.250000
30 0.104688 0.635938 0.187500 0.250000
25 0.283594 0.569531 0.187500 0.250000
1 0.390625 0.412500 0.187500 0.250000
15 0.643750 0.230469 0.187500 0.250000
15 0.728125 0.771094 0.187500 0.250000
3 0.887500 0.681250 0.187500 0.250000
18 0.145313 0.842187 0.187500 0.250000
5 0.377344 0.858594 0.187500 0.250000
28 0.448437 0.667969 0.187500 0.250000
28 0.714844 0.437500 0.187500 0.250000
27 0.550000 0.418750 0.187500 0.250000
