3 0.132812 0.771875 0.187500 0.250000
15 0.094531 0.471094 0.187500 0.250000
1 0.777344 0.517969 0.187500 0.250000
23 0.694531 0.293750 0.187500 0.250000
32 0.871875 0.358594 0.187500 0.250000
31 0.603906 0.855469 0.187500 0.250000
10 0.110156 0.196875 0.187500 0.250000
5 0.582812 0.524219 0.187500 0.250000
12 0.375781 0.128906 0.187500 0.250000
28 0.261719 0.371094 0.187500 0.250000
30 0.450000 0.689063 0.187500 0.250000
15 0.446094 0.391406 0.187500 0.250000
18 0.328125 0.875000 0.187500 0.250000
26 0.892969 0.804688 0.187500 0.250000
