14 0.847656 0.391406 0.187500 0.250000
24 0.542188 0.413281 0.187500 0.250000
9 0.507031 0.613281 0.187500 0.250000
28 0.150000 0.578906 0.187500 0.250000
25 0.685156 0.177344 0.187500 0.250000
4 0.395313 0.199219 0.187500 0.250000
8 0.537500 0.872656 0.187500 0.250000
9 0.190625 0.342969 0.187500 0.250000
14 0.728906 0.746875 0.187500 0.250000
1 0.379688 0.412500 0.187500 0.250000
8 0.377344 0.759375 0.187500 0.250000
11 0.117188 0.822656 0.187500 0.250000
3 0.898438 0.681250 0.187500 0.250000
18 0.839844 0.150000 0.187500 0.250000
