30 0.182812 0.850000 0.187500 0.250000
28 0.866406 0.567969 0.187500 0.250000
0 0.348438 0.852344 0.187500 0.250000
27 0.274219 0.127344 0.187500 0.250000
20 0.281250 0.471094 0.187500 0.250000
20 0.525781 0.775000 0.187500 0.250000
7 0.589844 0.421875 0.187500 0.250000
26 0.678125 0.146094 0.187500 0.250000
7 0.802344 0.845313 0.187500 0.250000
8 0.843750 0.360156 0.187500 0.250000
19 0.397656 0.263281 0.187500 0.250000
25 0.160938 0.345313 0.187500 0.250000
14 0.717969 0.657031 0.187500 0.250000
20 0.460938 0.528906 0.187500 0.250000
