10 0.393750 0.452344 0.187500 0.250000
8 0.625781 0.557031 0.187500 0.250000
19 0.154688 0.229687 0.187500 0.250000
5 0.225000 0.432812 0.187500 0.250000
21 0.793750 0.612500 0.187500 0.250000
3 0.528906 0.191406 0.187500 0.250000
0 0.332031 0.745313 0.187500 0.250000
31 0.719531 0.349219 0.187500 0.250000
22 0.163281 0.864844 0.187500 0.250000
13 0.866406 0.865625 0.187500 0.250000
5 0.340625 0.228125 0.187500 0.250000
9 0.675781 0.821094 0.187500 0.250000
5 0.845313 0.134375 0.187500 0.250000
7 0.501563 0.732031 0.187500 0.250000
