25 0.500781 0.600781 0.187500 0.250000
13 0.732812 0.464062 0.187500 0.250000
10 0.354687 0.824219 0.187500 0.250000
4 0.729688 0.235937 0.187500 0.250000
26 0.813281 0.809375 0.187500 0.250000
32 0.472656 0.376563 0.187500 0.250000
31 0.278906 0.509375 0.187500 0.250000
27 0.881250 0.157031 0.187500 0.250000
26 0.498437 0.167969 0.187500 0.250000
26 0.205469 0.146094 0.187500 0.250000
15 0.864062 0.568750 0.187500 0.250000
17 0.121875 0.373437 0.187500 0.250000
24 0.148438 0.614844 0.187500 0.250000
4 0.611719 0.769531 0.187500 0.250000
