33 0.735156 0.720313 0.187500 0.250000
14 0.489063 0.427344 0.187500 0.250000
13 0.132812 0.580469 0.187500 0.250000
33 0.320312 0.324219 0.187500 0.250000
21 0.854688 0.254688 0.187500 0.250000
0 0.269531 0.825000 0.187500 0.250000
23 0.864844 0.560156 0.187500 0.250000
2 0.684375 0.528125 0.187500 0.250000
33 0.343750 0.589063 0.187500 0.250000
19 0.528125 0.839844 0.187500 0.250000
1 0.533594 0.179688 0.187500 0.250000
19 0.096875 0.362500 0.187500 0.250000
0 0.889844 0.844531 0.187500 0.250000
17 0.685937 0.135937 0.187500 0.250000
