18 0.261719 0.755469 0.187500 0.250000
21 0.698438 0.654687 0.187500 0.250000
23 0.858594 0.637500 0.187500 0.250000
20 0.406250 0.317969 0.187500 0.250000
27 0.416406 0.827344 0.187500 0.250000
30 0.361719 0.600781 0.187500 0.250000
16 0.833594 0.280469 0.187500 0.250000
8 0.153125 0.611719 0.187500 0.250000
11 0.213281 0.204687 0.187500 0.250000
30 0.571094 0.245312 0.187500 0.250000
22 0.875781 0.850000 0.187500 0.250000
1 0.517969 0.459375 0.187500 0.250000
23 0.160938 0.399219 0.187500 0.250000
3 0.528125 0.675781 0.187500 0.250000
