19 0.521094 0.360938 0.187500 0.250000
26 0.421094 0.178125 0.187500 0.250000
14 0.806250 0.313281 0.187500 0.250000
3 0.154688 0.354687 0.187500 0.250000
25 0.564844 0.760938 0.187500 0.250000
0 0.901563 0.473438 0.187500 0.250000
33 0.739844 0.812500 0.187500 0.250000
26 0.153125 0.784375 0.187500 0.250000
18 0.414062 0.846094 0.187500 0.250000
20 0.748437 0.583594 0.187500 0.250000
23 0.383594 0.441406 0.187500 0.250000
1 0.146094 0.568750 0.187500 0.250000
4 0.688281 0.139844 0.187500 0.250000
29 0.876563 0.710156 0.187500 0.250000
