16 0.483594 0.320312 0.187500 0.250000
18 0.522656 0.557031 0.187500 0.250000
29 0.220312 0.549219 0.187500 0.250000
3 0.871875 0.871875 0.187500 0.250000
31 0.104688 0.236719 0.187500 0.250000
25 0.756250 0.455469 0.187500 0.250000
14 0.397656 0.845313 0.187500 0.250000
33 0.613281 0.787500 0.187500 0.250000
29 0.157031 0.745313 0.187500 0.250000
22 0.341406 0.181250 0.187500 0.250000
13 0.746094 0.685937 0.187500 0.250000
7 0.765625 0.210938 0.187500 0.250000
6 0.364063 0.642969 0.187500 0.250000
13 0.558594 0.140625 0.187500 0.250000
