4 0.477344 0.516406 0.187500 0.250000
0 0.667969 0.648438 0.187500 0.250000
23 0.868750 0.316406 0.187500 0.250000
9 0.271875 0.182812 0.187500 0.250000
4 0.604688 0.258594 0.187500 0.250000
27 0.464844 0.177344 0.187500 0.250000
18 0.285156 0.446875 0.187500 0.250000
22 0.814063 0.564844 0.187500 0.250000
6 0.344531 0.842969 0.187500 0.250000
12 0.096875 0.528125 0.187500 0.250000
0 0.141406 0.756250 0.187500 0.250000
1 0.788281 0.793750 0.187500 0.250000
30 0.100781 0.129688 0.187500 0.250000
13 0.632812 0.846094 0.187500 0.250000
