23 0.191406 0.671875 0.187500 0.250000
24 0.887500 0.830469 0.187500 0.250000
26 0.251563 0.160938 0.187500 0.250000
24 0.465625 0.564063 0.187500 0.250000
21 0.544531 0.145313 0.187500 0.250000
18 0.129688 0.386719 0.187500 0.250000
24 0.752344 0.705469 0.187500 0.250000
32 0.854688 0.312500 0.187500 0.250000
6 0.550781 0.361719 0.187500 0.250000
2 0.589063 0.867969 0.187500 0.250000
11 0.704688 0.360156 0.187500 0.250000
10 0.306250 0.829688 0.187500 0.250000
6 0.866406 0.565625 0.187500 0.250000
6 0.714844 0.138281 0.187500 0.250000
