28 0.431250 0.857812 0.187500 0.250000
9 0.827344 0.617969 0.187500 0.250000
33 0.133594 0.477344 0.187500 0.250000
16 0.287500 0.488281 0.187500 0.250000
13 0.410938 0.356250 0.187500 0.250000
9 0.739062 0.158594 0.187500 0.250000
4 0.128125 0.163281 0.187500 0.250000
16 0.856250 0.399219 0.187500 0.250000
14 0.629687 0.570312 0.187500 0.250000
26 0.192969 0.762500 0.187500 0.250000
24 0.451562 0.582031 0.187500 0.250000
10 0.578125 0.338281 0.187500 0.250000
15 0.742188 0.855469 0.187500 0.250000
16 0.535156 0.136719 0.187500 0.250000
