17 0.820312 0.474219 0.187500 0.250000
19 0.639844 0.737500 0.187500 0.250000
25 0.262500 0.647656 0.187500 0.250000
6 0.785156 0.871875 0.187500 0.250000
20 0.453125 0.533594 0.187500 0.250000
17 0.197656 0.201563 0.187500 0.250000
6 0.417187 0.293750 0.187500 0.250000
0 0.805469 0.261719 0.187500 0.250000
23 0.667969 0.510156 0.187500 0.250000
20 0.598437 0.304688 0.187500 0.250000
11 0.886719 0.678125 0.187500 0.250000
19 0.139063 0.431250 0.187500 0.250000
0 0.364063 0.801562 0.187500 0.250000
18 0.106250 0.844531 0.187500 0.250000
