2 0.592969 0.209375 0.187500 0.250000
0 0.113281 0.125000 0.187500 0.250000
17 0.139844 0.678906 0.187500 0.250000
25 0.797656 0.375000 0.187500 0.250000
4 0.468750 0.778125 0.187500 0.250000
0 0.651563 0.766406 0.187500 0.250000
14 0.820312 0.828125 0.187500 0.250000
3 0.333594 0.546094 0.187500 0.250000
22 0.616406 0.447656 0.187500 0.250000
11 0.886719 0.634375 0.187500 0.250000
24 0.403906 0.327344 0.187500 0.250000
7 0.904687 0.154688 0.187500 0.250000
6 0.732812 0.592187 0.187500 0.250000
31 0.253125 0.292969 0.187500 0.250000
