17 0.400781 0.215625 0.187500 0.250000
0 0.202344 0.714063 0.187500 0.250000
6 0.735156 0.457813 0.187500 0.250000
23 0.328906 0.545312 0.187500 0.250000
0 0.513281 0.703125 0.187500 0.250000
13 0.790625 0.650000 0.187500 0.250000
9 0.868750 0.356250 0.187500 0.250000
18 0.165625 0.471875 0.187500 0.250000
25 0.540625 0.486719 0.187500 0.250000
22 0.098437 0.168750 0.187500 0.250000
24 0.696094 0.237500 0.187500 0.250000
10 0.226562 0.278125 0.187500 0.250000
8 0.799219 0.864062 0.187500 0.250000
