9 0.120313 0.598437 0.187500 0.250000
18 0.804688 0.729688 0.187500 0.250000
8 0.347656 0.505469 0.187500 0.250000
20 0.496094 0.149219 0.187500 0.250000
31 0.271094 0.862500 0.187500 0.250000
33 0.329688 0.207031 0.187500 0.250000
27 0.800000 0.328906 0.187500 0.250000
4 0.512500 0.706250 0.187500 0.250000
7 0.631250 0.428125 0.187500 0.250000
33 0.897656 0.518750 0.187500 0.250000
33 0.100000 0.194531 0.187500 0.250000
7 0.215625 0.360156 0.187500 0.250000
8 0.478906 0.367969 0.187500 0.250000
18 0.650000 0.858594 0.187500 0.250000
