16 0.410938 0.329688 0.187500 0.250000
30 0.188281 0.455469 0.187500 0.250000
19 0.736719 0.291406 0.187500 0.250000
29 0.782813 0.613281 0.187500 0.250000
18 0.489063 0.514062 0.187500 0.250000
20 0.338281 0.728906 0.187500 0.250000
23 0.495312 0.144531 0.187500 0.250000
13 0.582812 0.310156 0.187500 0.250000
5 0.155469 0.861719 0.187500 0.250000
30 0.585938 0.768750 0.187500 0.250000
14 0.880469 0.166406 0.187500 0.250000
20 0.892969 0.378125 0.187500 0.250000
4 0.186719 0.212500 0.187500 0.250000
25 0.813281 0.814063 0.187500 0.250000
