8 0.163281 0.753125 0.187500 0.250000
10 0.773438 0.772656 0.187500 0.250000
1 0.783594 0.147656 0.187500 0.250000
25 0.882031 0.540625 0.187500 0.250000
19 0.346875 0.391406 0.187500 0.250000
21 0.169531 0.156250 0.187500 0.250000
12 0.174219 0.375000 0.187500 0.250000
8 0.592969 0.201563 0.187500 0.250000
28 0.576562 0.411719 0.187500 0.250000
12 0.863281 0.330469 0.187500 0.250000
6 0.346094 0.857812 0.187500 0.250000
16 0.564844 0.810156 0.187500 0.250000
12 0.436719 0.656250 0.187500 0.250000
