15 0.503125 0.325000 0.187500 0.250000
0 0.377344 0.150781 0.187500 0.250000
12 0.857031 0.600000 0.187500 0.250000
7 0.101562 0.776563 0.187500 0.250000
7 0.217969 0.166406 0.187500 0.250000
13 0.469531 0.819531 0.187500 0.250000
29 0.541406 0.521875 0.187500 0.250000
16 0.790625 0.208594 0.187500 0.250000
19 0.100781 0.342187 0.187500 0.250000
4 0.747656 0.760156 0.187500 0.250000
20 0.621875 0.194531 0.187500 0.250000
2 0.141406 0.536719 0.187500 0.250000
18 0.280469 0.817187 0.187500 0.250000
1 0.357812 0.386719 0.187500 0.250000
