14 0.414844 0.166406 0.187500 0.250000
27 0.253906 0.730469 0.187500 0.250000
17 0.608594 0.433594 0.187500 0.250000
27 0.497656 0.865625 0.187500 0.250000
13 0.660937 0.826562 0.187500 0.250000
32 0.320312 0.546094 0.187500 0.250000
13 0.176563 0.253906 0.187500 0.250000
0 0.832031 0.710156 0.187500 0.250000
26 0.868750 0.464844 0.187500 0.250000
29 0.761719 0.290625 0.187500 0.250000
14 0.168750 0.514844 0.187500 0.250000
19 0.478125 0.647656 0.187500 0.250000
14 0.689844 0.606250 0.187500 0.250000
2 0.129688 0.847656 0.187500 0.250000
