5 0.550781 0.165625 0.187500 0.250000
23 0.328906 0.229687 0.187500 0.250000
29 0.182812 0.590625 0.187500 0.250000
15 0.371875 0.435156 0.187500 0.250000
22 0.382812 0.690625 0.187500 0.250000
6 0.719531 0.834375 0.187500 0.250000
33 0.767969 0.543750 0.187500 0.250000
13 0.817969 0.278906 0.187500 0.250000
17 0.500000 0.824219 0.187500 0.250000
0 0.632031 0.668750 0.187500 0.250000
5 0.555469 0.403906 0.187500 0.250000
31 0.098437 0.296875 0.187500 0.250000
31 0.189062 0.871875 0.187500 0.250000
