11 0.201563 0.842187 0.187500 0.250000
25 0.885938 0.371094 0.187500 0.250000
12 0.419531 0.273438 0.187500 0.250000
9 0.495312 0.575000 0.187500 0.250000
16 0.696875 0.260156 0.187500 0.250000
33 0.777344 0.565625 0.187500 0.250000
0 0.210938 0.192188 0.187500 0.250000
9 0.317188 0.569531 0.187500 0.250000
9 0.132031 0.428906 0.187500 0.250000
29 0.721094 0.760156 0.187500 0.250000
3 0.385156 0.866406 0.187500 0.250000
9 0.564063 0.389844 0.187500 0.250000
21 0.862500 0.830469 0.187500 0.250000
