29 0.659375 0.249219 0.187500 0.250000
20 0.893750 0.466406 0.187500 0.250000
7 0.428906 0.824219 0.187500 0.250000
22 0.782813 0.674219 0.187500 0.250000
17 0.244531 0.758594 0.187500 0.250000
8 0.108594 0.371094 0.187500 0.250000
14 0.303125 0.175000 0.187500 0.250000
17 0.517969 0.600781 0.187500 0.250000
1 0.481250 0.271875 0.187500 0.250000
30 0.823438 0.192969 0.187500 0.250000
24 0.313281 0.417969 0.187500 0.250000
1 0.101562 0.830469 0.187500 0.250000
13 0.125781 0.168750 0.187500 0.250000
0 0.582812 0.805469 0.187500 0.250000
