11 0.784375 0.831250 0.187500 0.250000
12 0.523438 0.143750 0.187500 0.250000
1 0.743750 0.216406 0.187500 0.250000
21 0.506250 0.689844 0.187500 0.250000
32 0.674219 0.568750 0.187500 0.250000
25 0.172656 0.814063 0.187500 0.250000
8 0.332813 0.871875 0.187500 0.250000
27 0.109375 0.312500 0.187500 0.250000
18 0.205469 0.543750 0.187500 0.250000
33 0.900000 0.666406 0.187500 0.250000
6 0.332031 0.432812 0.187500 0.250000
15 0.889062 0.389844 0.187500 0.250000
1 0.575781 0.357812 0.187500 0.250000
7 0.626563 0.867969 0.187500 0.250000
