1 0.893750 0.646094 0.187500 0.250000
19 0.230469 0.540625 0.187500 0.250000
30 0.698438 0.272656 0.187500 0.250000
14 0.413281 0.219531 0.187500 0.250000
29 0.383594 0.589844 0.187500 0.250000
8 0.690625 0.764844 0.187500 0.250000
0 0.396875 0.865625 0.187500 0.250000
14 0.152344 0.297656 0.187500 0.250000
30 0.121094 0.856250 0.187500 0.250000
2 0.530469 0.425781 0.187500 0.250000
21 0.750781 0.510938 0.187500 0.250000
4 0.898438 0.188281 0.187500 0.250000
13 0.520312 0.702344 0.187500 0.250000
5 0.856250 0.844531 0.187500 0.250000
