18 0.411719 0.753125 0.187500 0.250000
5 0.168750 0.272656 0.187500 0.250000
6 0.774219 0.777344 0.187500 0.250000
21 0.715625 0.346875 0.187500 0.250000
18 0.625781 0.617969 0.187500 0.250000
0 0.582031 0.235937 0.187500 0.250000
0 0.465625 0.450000 0.187500 0.250000
21 0.845313 0.482031 0.187500 0.250000
11 0.188281 0.649219 0.187500 0.250000
2 0.306250 0.400000 0.187500 0.250000
7 0.284375 0.130469 0.187500 0.250000
13 0.903906 0.237500 0.187500 0.250000
2 0.561719 0.846094 0.187500 0.250000
1 0.433594 0.202344 0.187500 0.250000
