29 0.457031 0.310937 0.187500 0.250000
21 0.283594 0.492969 0.187500 0.250000
1 0.796094 0.651563 0.187500 0.250000
2 0.150000 0.840625 0.187500 0.250000
17 0.791406 0.296094 0.187500 0.250000
4 0.582812 0.713281 0.187500 0.250000
7 0.604688 0.360938 0.187500 0.250000
19 0.400000 0.659375 0.187500 0.250000
16 0.165625 0.221094 0.187500 0.250000
25 0.410156 0.872656 0.187500 0.250000
6 0.150000 0.629687 0.187500 0.250000
1 0.853125 0.845313 0.187500 0.250000
2 0.589063 0.143750 0.187500 0.250000
18 0.902344 0.147656 0.187500 0.250000
