3 0.751563 0.534375 0.187500 0.250000
24 0.779687 0.232031 0.187500 0.250000
3 0.591406 0.732031 0.187500 0.250000
14 0.217969 0.428906 0.187500 0.250000
9 0.405469 0.233594 0.187500 0.250000
27 0.439844 0.623437 0.187500 0.250000
23 0.235156 0.812500 0.187500 0.250000
21 0.567969 0.513281 0.187500 0.250000
24 0.854688 0.795312 0.187500 0.250000
22 0.160938 0.136719 0.187500 0.250000
8 0.093750 0.678906 0.187500 0.250000
20 0.568750 0.137500 0.187500 0.250000
21 0.883594 0.384375 0.187500 0.250000
