21 0.320312 0.771094 0.187500 0.250000
9 0.439844 0.214062 0.187500 0.250000
2 0.668750 0.867188 0.187500 0.250000
6 0.830469 0.762500 0.187500 0.250000
0 0.814844 0.292969 0.187500 0.250000
2 0.501563 0.732812 0.187500 0.250000
16 0.449219 0.514844 0.187500 0.250000
27 0.679688 0.532813 0.187500 0.250000
30 0.673438 0.185938 0.187500 0.250000
6 0.102344 0.727344 0.187500 0.250000
31 0.097656 0.326562 0.187500 0.250000
16 0.278125 0.162500 0.187500 0.250000
13 0.282031 0.564844 0.187500 0.250000
17 0.871094 0.554688 0.187500 0.250000
