17 0.719531 0.411719 0.187500 0.250000
20 0.858594 0.616406 0.187500 0.250000
18 0.348438 0.214062 0.187500 0.250000
12 0.238281 0.818750 0.187500 0.250000
3 0.778906 0.164062 0.187500 0.250000
14 0.165625 0.208594 0.187500 0.250000
15 0.642188 0.676562 0.187500 0.250000
5 0.503906 0.361719 0.187500 0.250000
31 0.794531 0.812500 0.187500 0.250000
14 0.410938 0.582812 0.187500 0.250000
19 0.182812 0.628906 0.187500 0.250000
25 0.513281 0.790625 0.187500 0.250000
20 0.903125 0.287500 0.187500 0.250000
25 0.572656 0.149219 0.187500 0.250000
