31 0.643750 0.414062 0.187500 0.250000
17 0.292969 0.489844 0.187500 0.250000
4 0.305469 0.779687 0.187500 0.250000
3 0.434375 0.362500 0.187500 0.250000
16 0.839844 0.353125 0.187500 0.250000
24 0.844531 0.665625 0.187500 0.250000
16 0.631250 0.809375 0.187500 0.250000
12 0.476562 0.171094 0.187500 0.250000
12 0.192969 0.263281 0.187500 0.250000
25 0.100781 0.617188 0.187500 0.250000
5 0.146875 0.828906 0.187500 0.250000
22 0.660156 0.202344 0.187500 0.250000
0 0.583594 0.620313 0.187500 0.250000
8 0.467969 0.836719 0.187500 0.250000
