14 0.496094 0.289062 0.187500 0.250000
0 0.214844 0.466406 0.187500 0.250000
26 0.486719 0.653125 0.187500 0.250000
3 0.685937 0.707031 0.187500 0.250000
14 0.697656 0.426563 0.187500 0.250000
4 0.237500 0.129688 0.187500 0.250000
30 0.862500 0.659375 0.187500 0.250000
28 0.116406 0.628125 0.187500 0.250000
11 0.314844 0.734375 0.187500 0.250000
23 0.789844 0.210938 0.187500 0.250000
0 0.375000 0.459375 0.187500 0.250000
21 0.900781 0.387500 0.187500 0.250000
18 0.124219 0.848437 0.187500 0.250000
6 0.460156 0.850781 0.187500 0.250000
