30 0.628125 0.218750 0.187500 0.250000
29 0.367969 0.331250 0.187500 0.250000
33 0.188281 0.424219 0.187500 0.250000
18 0.830469 0.221875 0.187500 0.250000
6 0.496875 0.860938 0.187500 0.250000
2 0.839063 0.503906 0.187500 0.250000
18 0.696094 0.682031 0.187500 0.250000
9 0.340625 0.792188 0.187500 0.250000
16 0.148438 0.178125 0.187500 0.250000
9 0.208594 0.647656 0.187500 0.250000
8 0.388281 0.551562 0.187500 0.250000
4 0.688281 0.461719 0.187500 0.250000
22 0.885938 0.742188 0.187500 0.250000
9 0.154688 0.835938 0.187500 0.250000
