33 0.434375 0.780469 0.187500 0.250000
9 0.305469 0.352344 0.187500 0.250000
12 0.232031 0.870313 0.187500 0.250000
0 0.509375 0.311719 0.187500 0.250000
7 0.882031 0.196094 0.187500 0.250000
26 0.157812 0.239844 0.187500 0.250000
29 0.405469 0.533594 0.187500 0.250000
25 0.628125 0.574219 0.187500 0.250000
12 0.188281 0.485938 0.187500 0.250000
32 0.739062 0.810937 0.187500 0.250000
27 0.887500 0.638281 0.187500 0.250000
14 0.398438 0.153906 0.187500 0.250000
17 0.689063 0.168750 0.187500 0.250000
7 0.764062 0.452344 0.187500 0.250000
