8 0.527344 0.820312 0.187500 0.250000
1 0.362500 0.629687 0.187500 0.250000
32 0.708594 0.688281 0.187500 0.250000
28 0.121875 0.229687 0.187500 0.250000
32 0.539062 0.157031 0.187500 0.250000
17 0.109375 0.782813 0.187500 0.250000
8 0.251563 0.464062 0.187500 0.250000
3 0.650781 0.445312 0.187500 0.250000
8 0.379688 0.333594 0.187500 0.250000
5 0.864844 0.204687 0.187500 0.250000
26 0.845313 0.790625 0.187500 0.250000
29 0.699219 0.239063 0.187500 0.250000
2 0.817969 0.521094 0.187500 0.250000
18 0.292187 0.143750 0.187500 0.250000
