21 0.813281 0.545312 0.187500 0.250000
7 0.267188 0.750781 0.187500 0.250000
4 0.504687 0.691406 0.187500 0.250000
3 0.447656 0.267969 0.187500 0.250000
23 0.646094 0.185156 0.187500 0.250000
16 0.789844 0.771094 0.187500 0.250000
17 0.872656 0.142187 0.187500 0.250000
5 0.241406 0.472656 0.187500 0.250000
30 0.093750 0.708594 0.187500 0.250000
5 0.259375 0.149219 0.187500 0.250000
18 0.100781 0.314844 0.187500 0.250000
29 0.630469 0.510938 0.187500 0.250000
0 0.414062 0.502344 0.187500 0.250000
