13 0.187500 0.517969 0.187500 0.250000
7 0.643750 0.579688 0.187500 0.250000
13 0.365625 0.451562 0.187500 0.250000
10 0.256250 0.260156 0.187500 0.250000
24 0.641406 0.356250 0.187500 0.250000
27 0.471094 0.810937 0.187500 0.250000
26 0.507031 0.257812 0.187500 0.250000
15 0.895312 0.814063 0.187500 0.250000
28 0.296094 0.796875 0.187500 0.250000
4 0.750000 0.170313 0.187500 0.250000
19 0.757812 0.717969 0.187500 0.250000
3 0.132031 0.125781 0.187500 0.250000
15 0.838281 0.335156 0.187500 0.250000
25 0.131250 0.850781 0.187500 0.250000
