21 0.128125 0.612500 0.187500 0.250000
5 0.434375 0.538281 0.187500 0.250000
13 0.392188 0.167969 0.187500 0.250000
14 0.535156 0.691406 0.187500 0.250000
15 0.838281 0.550781 0.187500 0.250000
26 0.764844 0.735938 0.187500 0.250000
25 0.340625 0.717187 0.187500 0.250000
15 0.603125 0.463281 0.187500 0.250000
28 0.668750 0.264062 0.187500 0.250000
0 0.303906 0.375781 0.187500 0.250000
1 0.837500 0.125781 0.187500 0.250000
19 0.903906 0.352344 0.187500 0.250000
22 0.179688 0.142187 0.187500 0.250000
4 0.904687 0.847656 0.187500 0.250000
