9 0.177344 0.185156 0.187500 0.250000
33 0.899219 0.410156 0.187500 0.250000
2 0.500000 0.535937 0.187500 0.250000
28 0.608594 0.781250 0.187500 0.250000
17 0.462500 0.301563 0.187500 0.250000
19 0.706250 0.439844 0.187500 0.250000
32 0.107813 0.429688 0.187500 0.250000
21 0.879687 0.824219 0.187500 0.250000
19 0.285938 0.711719 0.187500 0.250000
16 0.119531 0.775781 0.187500 0.250000
0 0.333594 0.421094 0.187500 0.250000
24 0.461719 0.728906 0.187500 0.250000
15 0.797656 0.176563 0.187500 0.250000
26 0.589844 0.140625 0.187500 0.250000
