33 0.208594 0.355469 0.187500 0.250000
33 0.360156 0.160156 0.187500 0.250000
5 0.413281 0.421094 0.187500 0.250000
25 0.901563 0.658594 0.187500 0.250000
4 0.777344 0.262500 0.187500 0.250000
27 0.246875 0.672656 0.187500 0.250000
2 0.730469 0.792969 0.187500 0.250000
29 0.409375 0.838281 0.187500 0.250000
17 0.764062 0.510938 0.187500 0.250000
13 0.505469 0.610156 0.187500 0.250000
2 0.114062 0.188281 0.187500 0.250000
29 0.608594 0.378906 0.187500 0.250000
28 0.565625 0.171875 0.187500 0.250000
