2 0.491406 0.667969 0.187500 0.250000
13 0.473438 0.367969 0.187500 0.250000
21 0.674219 0.228125 0.187500 0.250000
29 0.300000 0.592969 0.187500 0.250000
1 0.893750 0.347656 0.187500 0.250000
24 0.426563 0.132812 0.187500 0.250000
25 0.278125 0.175781 0.187500 0.250000
12 0.155469 0.480469 0.187500 0.250000
28 0.785156 0.709375 0.187500 0.250000
33 0.770312 0.480469 0.187500 0.250000
5 0.184375 0.831250 0.187500 0.250000
30 0.127344 0.198437 0.187500 0.250000
19 0.374219 0.814844 0.187500 0.250000
4 0.617188 0.550781 0.187500 0.250000
