16 0.350781 0.404687 0.187500 0.250000
29 0.544531 0.665625 0.187500 0.250000
14 0.721875 0.446875 0.187500 0.250000
19 0.303906 0.869531 0.187500 0.250000
11 0.780469 0.139063 0.187500 0.250000
20 0.307031 0.618750 0.187500 0.250000
2 0.151562 0.332031 0.187500 0.250000
4 0.635938 0.233594 0.187500 0.250000
9 0.232813 0.153125 0.187500 0.250000
11 0.802344 0.796875 0.187500 0.250000
4 0.096094 0.731250 0.187500 0.250000
6 0.622656 0.839063 0.187500 0.250000
25 0.428125 0.168750 0.187500 0.250000
9 0.132031 0.536719 0.187500 0.250000
