18 0.870313 0.260156 0.187500 0.250000
17 0.153906 0.858594 0.187500 0.250000
18 0.504687 0.717969 0.187500 0.250000
31 0.821875 0.713281 0.187500 0.250000
11 0.359375 0.859375 0.187500 0.250000
30 0.670312 0.771875 0.187500 0.250000
1 0.347656 0.558594 0.187500 0.250000
27 0.233594 0.254688 0.187500 0.250000
16 0.510156 0.205469 0.187500 0.250000
8 0.770312 0.467187 0.187500 0.250000
11 0.628906 0.567969 0.187500 0.250000
12 0.491406 0.454688 0.187500 0.250000
17 0.110937 0.404687 0.187500 0.250000
13 0.102344 0.623437 0.187500 0.250000
