0 0.874219 0.765625 0.187500 0.250000
14 0.445312 0.711719 0.187500 0.250000
14 0.516406 0.311719 0.187500 0.250000
23 0.311719 0.408594 0.187500 0.250000
11 0.632031 0.736719 0.187500 0.250000
26 0.159375 0.685937 0.187500 0.250000
26 0.626563 0.136719 0.187500 0.250000
4 0.795312 0.232813 0.187500 0.250000
22 0.653906 0.525000 0.187500 0.250000
24 0.863281 0.417969 0.187500 0.250000
7 0.228906 0.133594 0.187500 0.250000
19 0.155469 0.441406 0.187500 0.250000
17 0.396875 0.135156 0.187500 0.250000
