30 0.656250 0.867188 0.187500 0.250000
9 0.732812 0.128906 0.187500 0.250000
27 0.448437 0.310156 0.187500 0.250000
3 0.485938 0.665625 0.187500 0.250000
26 0.631250 0.432031 0.187500 0.250000
4 0.852344 0.575000 0.187500 0.250000
20 0.300000 0.182812 0.187500 0.250000
33 0.817187 0.343750 0.187500 0.250000
9 0.234375 0.585156 0.187500 0.250000
13 0.869531 0.834375 0.187500 0.250000
25 0.312500 0.400000 0.187500 0.250000
33 0.357031 0.804688 0.187500 0.250000
17 0.130469 0.190625 0.187500 0.250000
7 0.653125 0.645312 0.187500 0.250000
