4 0.453906 0.383594 0.187500 0.250000
3 0.445312 0.753906 0.187500 0.250000
13 0.894531 0.570312 0.187500 0.250000
26 0.282813 0.564844 0.187500 0.250000
6 0.118750 0.470313 0.187500 0.250000
4 0.639062 0.358594 0.187500 0.250000
15 0.236719 0.193750 0.187500 0.250000
31 0.759375 0.204687 0.187500 0.250000
33 0.716406 0.800000 0.187500 0.250000
4 0.589844 0.610938 0.187500 0.250000
5 0.496094 0.184375 0.187500 0.250000
27 0.169531 0.842969 0.187500 0.250000
20 0.882812 0.357812 0.187500 0.250000
