28 0.141406 0.158594 0.187500 0.250000
17 0.849219 0.146875 0.187500 0.250000
29 0.350000 0.318750 0.187500 0.250000
23 0.271094 0.857031 0.187500 0.250000
19 0.217969 0.511719 0.187500 0.250000
11 0.722656 0.796094 0.187500 0.250000
0 0.747656 0.424219 0.187500 0.250000
8 0.904687 0.455469 0.187500 0.250000
2 0.595313 0.140625 0.187500 0.250000
25 0.429688 0.699219 0.187500 0.250000
2 0.458594 0.471875 0.187500 0.250000
25 0.158594 0.714844 0.187500 0.250000
31 0.613281 0.616406 0.187500 0.250000
20 0.883594 0.756250 0.187500 0.250000
