25 0.192969 0.450000 0.187500 0.250000
21 0.460156 0.791406 0.187500 0.250000
0 0.837500 0.217969 0.187500 0.250000
0 0.629687 0.625781 0.187500 0.250000
9 0.651563 0.300000 0.187500 0.250000
4 0.420312 0.310937 0.187500 0.250000
4 0.795312 0.686719 0.187500 0.250000
26 0.196875 0.860938 0.187500 0.250000
1 0.894531 0.855469 0.187500 0.250000
15 0.273438 0.233594 0.187500 0.250000
14 0.566406 0.125781 0.187500 0.250000
9 0.820312 0.457031 0.187500 0.250000
10 0.310937 0.592969 0.187500 0.250000
17 0.110156 0.631250 0.187500 0.250000
