18 0.137500 0.176563 0.187500 0.250000
19 0.503906 0.540625 0.187500 0.250000
7 0.896094 0.437500 0.187500 0.250000
17 0.671094 0.520312 0.187500 0.250000
10 0.541406 0.249219 0.187500 0.250000
20 0.839844 0.703125 0.187500 0.250000
29 0.727344 0.292969 0.187500 0.250000
17 0.346875 0.375781 0.187500 0.250000
31 0.113281 0.413281 0.187500 0.250000
11 0.410938 0.781250 0.187500 0.250000
20 0.264062 0.643750 0.187500 0.250000
19 0.702344 0.813281 0.187500 0.250000
20 0.096875 0.649219 0.187500 0.250000
5 0.133594 0.867969 0.187500 0.250000
