27 0.813281 0.592187 0.187500 0.250000
1 0.462500 0.799219 0.187500 0.250000
1 0.803906 0.310937 0.187500 0.250000
7 0.106250 0.564844 0.187500 0.250000
29 0.288281 0.504687 0.187500 0.250000
24 0.152344 0.293750 0.187500 0.250000
17 0.439844 0.241406 0.187500 0.250000
29 0.629687 0.521875 0.187500 0.250000
23 0.314063 0.850000 0.187500 0.250000
16 0.703125 0.775781 0.187500 0.250000
13 0.646094 0.145313 0.187500 0.250000
7 0.284375 0.192188 0.187500 0.250000
19 0.442188 0.552344 0.187500 0.250000
17 0.146094 0.846875 0.187500 0.250000
