26 0.252344 0.400000 0.187500 0.250000
0 0.195312 0.839063 0.187500 0.250000
11 0.407031 0.760156 0.187500 0.250000
0 0.431250 0.317188 0.187500 0.250000
26 0.135156 0.568750 0.187500 0.250000
33 0.816406 0.332031 0.187500 0.250000
25 0.641406 0.589063 0.187500 0.250000
14 0.631250 0.302344 0.187500 0.250000
15 0.805469 0.725781 0.187500 0.250000
22 0.660937 0.850781 0.187500 0.250000
1 0.205469 0.144531 0.187500 0.250000
14 0.839844 0.531250 0.187500 0.250000
16 0.297656 0.612500 0.187500 0.250000
