20 0.723437 0.285938 0.187500 0.250000
0 0.525000 0.248438 0.187500 0.250000
9 0.363281 0.178906 0.187500 0.250000
17 0.222656 0.273438 0.187500 0.250000
33 0.786719 0.821875 0.187500 0.250000
21 0.605469 0.589844 0.187500 0.250000
22 0.484375 0.748437 0.187500 0.250000
32 0.205469 0.817969 0.187500 0.250000
12 0.190625 0.515625 0.187500 0.250000
18 0.445312 0.435937 0.187500 0.250000
0 0.871875 0.473438 0.187500 0.250000
5 0.900781 0.178125 0.187500 0.250000
13 0.344531 0.653906 0.187500 0.250000
