1 0.714844 0.335156 0.187500 0.250000
24 0.249219 0.582031 0.187500 0.250000
2 0.878125 0.616406 0.187500 0.250000
1 0.521875 0.304688 0.187500 0.250000
16 0.393750 0.635938 0.187500 0.250000
11 0.142187 0.233594 0.187500 0.250000
4 0.571094 0.782031 0.187500 0.250000
30 0.354687 0.378906 0.187500 0.250000
22 0.775781 0.139844 0.187500 0.250000
26 0.397656 0.860938 0.187500 0.250000
5 0.796094 0.845313 0.187500 0.250000
23 0.175000 0.786719 0.187500 0.250000
4 0.592187 0.521875 0.187500 0.250000
