33 0.246094 0.345313 0.187500 0.250000
4 0.446875 0.201563 0.187500 0.250000
15 0.854688 0.475000 0.187500 0.250000
19 0.817187 0.675781 0.187500 0.250000
9 0.647656 0.378125 0.187500 0.250000
2 0.454688 0.535937 0.187500 0.250000
13 0.564844 0.828125 0.187500 0.250000
2 0.771875 0.128906 0.187500 0.250000
13 0.099219 0.690625 0.187500 0.250000
0 0.256250 0.764062 0.187500 0.250000
28 0.782031 0.872656 0.187500 0.250000
20 0.673438 0.617188 0.187500 0.250000
9 0.171094 0.153906 0.187500 0.250000
