0 0.652344 0.361719 0.187500 0.250000
8 0.284375 0.526563 0.187500 0.250000
29 0.471094 0.842187 0.187500 0.250000
21 0.659375 0.635938 0.187500 0.250000
26 0.105469 0.585156 0.187500 0.250000
0 0.483594 0.402344 0.187500 0.250000
22 0.827344 0.391406 0.187500 0.250000
6 0.267188 0.206250 0.187500 0.250000
14 0.722656 0.133594 0.187500 0.250000
15 0.867188 0.640625 0.187500 0.250000
5 0.491406 0.636719 0.187500 0.250000
28 0.564844 0.171875 0.187500 0.250000
4 0.846875 0.868750 0.187500 0.250000
4 0.291406 0.787500 0.187500 0.250000
