29 0.243750 0.684375 0.187500 0.250000
13 0.779687 0.221875 0.187500 0.250000
0 0.481250 0.614062 0.187500 0.250000
33 0.105469 0.317969 0.187500 0.250000
25 0.096094 0.597656 0.187500 0.250000
29 0.312500 0.126562 0.187500 0.250000
13 0.384375 0.407031 0.187500 0.250000
15 0.575781 0.409375 0.187500 0.250000
5 0.658594 0.739062 0.187500 0.250000
1 0.580469 0.165625 0.187500 0.250000
18 0.874219 0.767188 0.187500 0.250000
28 0.785156 0.551562 0.187500 0.250000
0 0.099219 0.810156 0.187500 0.250000
