30 0.838281 0.856250 0.187500 0.250000
9 0.304688 0.199219 0.187500 0.250000
18 0.492188 0.852344 0.187500 0.250000
18 0.871094 0.476562 0.187500 0.250000
18 0.571094 0.246875 0.187500 0.250000
0 0.213281 0.494531 0.187500 0.250000
33 0.695312 0.430469 0.187500 0.250000
6 0.737500 0.157812 0.187500 0.250000
9 0.475000 0.553906 0.187500 0.250000
13 0.127344 0.710938 0.187500 0.250000
30 0.364063 0.401562 0.187500 0.250000
17 0.131250 0.285938 0.187500 0.250000
27 0.884375 0.207813 0.187500 0.250000
31 0.292969 0.858594 0.187500 0.250000
