2 0.241406 0.442969 0.187500 0.250000
14 0.682813 0.317969 0.187500 0.250000
5 0.407813 0.840625 0.187500 0.250000
19 0.423438 0.496094 0.187500 0.250000
21 0.877344 0.841406 0.187500 0.250000
28 0.255469 0.875000 0.187500 0.250000
16 0.886719 0.399219 0.187500 0.250000
24 0.231250 0.224219 0.187500 0.250000
28 0.696094 0.640625 0.187500 0.250000
12 0.135156 0.608594 0.187500 0.250000
30 0.423438 0.176563 0.187500 0.250000
17 0.093750 0.332813 0.187500 0.250000
26 0.555469 0.760938 0.187500 0.250000
