21 0.794531 0.654687 0.187500 0.250000
8 0.617188 0.375781 0.187500 0.250000
21 0.206250 0.263281 0.187500 0.250000
7 0.902344 0.410938 0.187500 0.250000
23 0.304688 0.582031 0.187500 0.250000
20 0.110156 0.582812 0.187500 0.250000
11 0.650781 0.592187 0.187500 0.250000
15 0.453125 0.686719 0.187500 0.250000
1 0.778906 0.290625 0.187500 0.250000
11 0.456250 0.353125 0.187500 0.250000
27 0.357812 0.154688 0.187500 0.250000
0 0.121094 0.854688 0.187500 0.250000
28 0.771094 0.855469 0.187500 0.250000
12 0.610938 0.139844 0.187500 0.250000
