21 0.693750 0.193750 0.187500 0.250000
14 0.859375 0.495312 0.187500 0.250000
24 0.207813 0.276562 0.187500 0.250000
24 0.298438 0.757812 0.187500 0.250000
10 0.111719 0.658594 0.187500 0.250000
1 0.485938 0.855469 0.187500 0.250000
28 0.698438 0.467187 0.187500 0.250000
13 0.449219 0.503125 0.187500 0.250000
16 0.853125 0.826562 0.187500 0.250000
6 0.416406 0.300781 0.187500 0.250000
10 0.625000 0.716406 0.187500 0.250000
19 0.225000 0.496875 0.187500 0.250000
15 0.869531 0.155469 0.187500 0.250000
