19 0.724219 0.789844 0.187500 0.250000
16 0.886719 0.703906 0.187500 0.250000
28 0.310156 0.150781 0.187500 0.250000
22 0.566406 0.195312 0.187500 0.250000
0 0.510156 0.514844 0.187500 0.250000
20 0.239063 0.457031 0.187500 0.250000
13 0.428906 0.706250 0.187500 0.250000
28 0.693750 0.380469 0.187500 0.250000
14 0.381250 0.343750 0.187500 0.250000
10 0.853125 0.298438 0.187500 0.250000
24 0.135156 0.171094 0.187500 0.250000
28 0.113281 0.737500 0.187500 0.250000
32 0.534375 0.861719 0.187500 0.250000
