9 0.775781 0.215625 0.187500 0.250000
26 0.235156 0.785937 0.187500 0.250000
9 0.610938 0.399219 0.187500 0.250000
17 0.350000 0.262500 0.187500 0.250000
1 0.411719 0.862500 0.187500 0.250000
4 0.824219 0.846094 0.187500 0.250000
7 0.664844 0.668750 0.187500 0.250000
19 0.155469 0.602344 0.187500 0.250000
24 0.429688 0.450781 0.187500 0.250000
12 0.900781 0.667969 0.187500 0.250000
18 0.893750 0.409375 0.187500 0.250000
24 0.413281 0.655469 0.187500 0.250000
6 0.185938 0.128906 0.187500 0.250000
27 0.580469 0.150781 0.187500 0.250000
