31 0.274219 0.260156 0.187500 0.250000
24 0.253906 0.835156 0.187500 0.250000
14 0.862500 0.484375 0.187500 0.250000
16 0.867188 0.261719 0.187500 0.250000
11 0.305469 0.564844 0.187500 0.250000
19 0.148438 0.469531 0.187500 0.250000
22 0.892188 0.696875 0.187500 0.250000
8 0.421094 0.378906 0.187500 0.250000
18 0.703125 0.675781 0.187500 0.250000
7 0.558594 0.186719 0.187500 0.250000
13 0.501563 0.833594 0.187500 0.250000
21 0.122656 0.687500 0.187500 0.250000
19 0.529687 0.592187 0.187500 0.250000
28 0.720313 0.310156 0.187500 0.250000
