5 0.720313 0.342187 0.187500 0.250000
0 0.424219 0.492188 0.187500 0.250000
24 0.757812 0.835156 0.187500 0.250000
9 0.582031 0.660937 0.187500 0.250000
25 0.217969 0.502344 0.187500 0.250000
9 0.347656 0.216406 0.187500 0.250000
20 0.151562 0.853906 0.187500 0.250000
12 0.371875 0.849219 0.187500 0.250000
26 0.871875 0.542969 0.187500 0.250000
12 0.592969 0.157812 0.187500 0.250000
29 0.565625 0.409375 0.187500 0.250000
1 0.131250 0.300000 0.187500 0.250000
30 0.602344 0.864844 0.187500 0.250000
4 0.893750 0.183594 0.187500 0.250000
