7 0.889062 0.523438 0.187500 0.250000
1 0.381250 0.278125 0.187500 0.250000
30 0.666406 0.748437 0.187500 0.250000
26 0.172656 0.688281 0.187500 0.250000
11 0.151562 0.301563 0.187500 0.250000
32 0.831250 0.775000 0.187500 0.250000
29 0.432031 0.539844 0.187500 0.250000
3 0.460938 0.782813 0.187500 0.250000
11 0.900781 0.232813 0.187500 0.250000
20 0.685937 0.371094 0.187500 0.250000
11 0.595313 0.161719 0.187500 0.250000
20 0.615625 0.555469 0.187500 0.250000
27 0.244531 0.141406 0.187500 0.250000
23 0.746094 0.179688 0.187500 0.250000
