29 0.756250 0.511719 0.187500 0.250000
24 0.591406 0.317969 0.187500 0.250000
13 0.725000 0.717187 0.187500 0.250000
18 0.225000 0.182812 0.187500 0.250000
18 0.118750 0.863281 0.187500 0.250000
27 0.899219 0.198437 0.187500 0.250000
13 0.317969 0.707812 0.187500 0.250000
13 0.903125 0.698438 0.187500 0.250000
28 0.468750 0.460156 0.187500 0.250000
2 0.492969 0.794531 0.187500 0.250000
5 0.535937 0.125781 0.187500 0.250000
17 0.171875 0.434375 0.187500 0.250000
26 0.905469 0.428125 0.187500 0.250000
