32 0.568750 0.410156 0.187500 0.250000
9 0.371094 0.585156 0.187500 0.250000
6 0.846094 0.294531 0.187500 0.250000
16 0.832031 0.637500 0.187500 0.250000
1 0.835938 0.858594 0.187500 0.250000
12 0.652344 0.675781 0.187500 0.250000
30 0.473438 0.737500 0.187500 0.250000
27 0.096875 0.828125 0.187500 0.250000
14 0.542969 0.131250 0.187500 0.250000
25 0.710938 0.164844 0.187500 0.250000
9 0.200000 0.212500 0.187500 0.250000
8 0.103125 0.385937 0.187500 0.250000
12 0.182812 0.628906 0.187500 0.250000
14 0.346094 0.257031 0.187500 0.250000
