15 0.695312 0.415625 0.187500 0.250000
29 0.339062 0.487500 0.187500 0.250000
32 0.594531 0.657031 0.187500 0.250000
9 0.681250 0.829688 0.187500 0.250000
0 0.229687 0.692969 0.187500 0.250000
20 0.825000 0.703906 0.187500 0.250000
28 0.094531 0.277344 0.187500 0.250000
10 0.765625 0.132812 0.187500 0.250000
16 0.535937 0.318750 0.187500 0.250000
31 0.245312 0.160156 0.187500 0.250000
28 0.457813 0.767969 0.187500 0.250000
14 0.439063 0.153906 0.187500 0.250000
4 0.603125 0.126562 0.187500 0.250000
27 0.894531 0.501563 0.187500 0.250000
