16 0.305469 0.500781 0.187500 0.250000
22 0.892188 0.753125 0.187500 0.250000
19 0.269531 0.769531 0.187500 0.250000
22 0.882031 0.234375 0.187500 0.250000
4 0.547656 0.271875 0.187500 0.250000
14 0.480469 0.762500 0.187500 0.250000
24 0.618750 0.619531 0.187500 0.250000
2 0.168750 0.214844 0.187500 0.250000
1 0.114844 0.796875 0.187500 0.250000
26 0.720313 0.384375 0.187500 0.250000
25 0.130469 0.475781 0.187500 0.250000
22 0.362500 0.244531 0.187500 0.250000
7 0.685937 0.160938 0.187500 0.250000
11 0.456250 0.521875 0.187500 0.250000
