7 0.410156 0.780469 0.187500 0.250000
10 0.115625 0.868750 0.187500 0.250000
32 0.279687 0.377344 0.187500 0.250000
0 0.726562 0.258594 0.187500 0.250000
17 0.246094 0.707031 0.187500 0.250000
19 0.598437 0.137500 0.187500 0.250000
14 0.847656 0.464062 0.187500 0.250000
12 0.657031 0.846875 0.187500 0.250000
17 0.592969 0.351562 0.187500 0.250000
33 0.446875 0.249219 0.187500 0.250000
25 0.367969 0.582812 0.187500 0.250000
27 0.878125 0.190625 0.187500 0.250000
25 0.527344 0.546875 0.187500 0.250000
12 0.810156 0.853125 0.187500 0.250000
