22 0.647656 0.548438 0.187500 0.250000
24 0.732031 0.756250 0.187500 0.250000
21 0.494531 0.263281 0.187500 0.250000
15 0.146875 0.667969 0.187500 0.250000
23 0.804688 0.177344 0.187500 0.250000
1 0.864062 0.389844 0.187500 0.250000
24 0.546094 0.817969 0.187500 0.250000
5 0.105469 0.141406 0.187500 0.250000
16 0.256250 0.349219 0.187500 0.250000
22 0.492969 0.544531 0.187500 0.250000
30 0.292187 0.606250 0.187500 0.250000
18 0.348438 0.164844 0.187500 0.250000
15 0.697656 0.346875 0.187500 0.250000
