23 0.214844 0.555469 0.187500 0.250000
16 0.831250 0.647656 0.187500 0.250000
1 0.842969 0.440625 0.187500 0.250000
17 0.451562 0.449219 0.187500 0.250000
29 0.190625 0.346094 0.187500 0.250000
31 0.517188 0.148438 0.187500 0.250000
24 0.250781 0.849219 0.187500 0.250000
15 0.432031 0.857031 0.187500 0.250000
24 0.651563 0.738281 0.187500 0.250000
9 0.740625 0.167187 0.187500 0.250000
9 0.370312 0.200000 0.187500 0.250000
14 0.221094 0.135937 0.187500 0.250000
6 0.350781 0.675781 0.187500 0.250000
3 0.656250 0.415625 0.187500 0.250000
