14 0.826562 0.310156 0.187500 0.250000
22 0.217188 0.188281 0.187500 0.250000
21 0.572656 0.176563 0.187500 0.250000
25 0.266406 0.861719 0.187500 0.250000
15 0.713281 0.713281 0.187500 0.250000
1 0.365625 0.564844 0.187500 0.250000
19 0.537500 0.428125 0.187500 0.250000
8 0.102344 0.661719 0.187500 0.250000
15 0.850000 0.614844 0.187500 0.250000
14 0.433594 0.256250 0.187500 0.250000
6 0.492969 0.753125 0.187500 0.250000
29 0.139063 0.371094 0.187500 0.250000
14 0.708594 0.460938 0.187500 0.250000
