11 0.353906 0.474219 0.187500 0.250000
28 0.150781 0.288281 0.187500 0.250000
30 0.407031 0.200000 0.187500 0.250000
23 0.407813 0.825000 0.187500 0.250000
13 0.892969 0.729688 0.187500 0.250000
3 0.583594 0.142969 0.187500 0.250000
29 0.635156 0.842187 0.187500 0.250000
16 0.563281 0.578125 0.187500 0.250000
19 0.096875 0.839063 0.187500 0.250000
3 0.119531 0.499219 0.187500 0.250000
13 0.278125 0.656250 0.187500 0.250000
26 0.836719 0.364844 0.187500 0.250000
13 0.621875 0.345313 0.187500 0.250000
32 0.810937 0.132812 0.187500 0.250000
