9 0.692969 0.752344 0.187500 0.250000
22 0.503125 0.256250 0.187500 0.250000
21 0.328125 0.791406 0.187500 0.250000
27 0.786719 0.190625 0.187500 0.250000
17 0.680469 0.497656 0.187500 0.250000
21 0.235156 0.548438 0.187500 0.250000
11 0.637500 0.147656 0.187500 0.250000
18 0.306250 0.187500 0.187500 0.250000
9 0.138281 0.804688 0.187500 0.250000
15 0.874219 0.875000 0.187500 0.250000
0 0.904687 0.541406 0.187500 0.250000
31 0.467187 0.511719 0.187500 0.250000
10 0.096875 0.197656 0.187500 0.250000
