0 0.386719 0.680469 0.187500 0.250000
0 0.132031 0.441406 0.187500 0.250000
32 0.430469 0.249219 0.187500 0.250000
7 0.782813 0.702344 0.187500 0.250000
28 0.272656 0.183594 0.187500 0.250000
6 0.816406 0.450000 0.187500 0.250000
29 0.854688 0.228125 0.187500 0.250000
5 0.565625 0.557031 0.187500 0.250000
2 0.360156 0.452344 0.187500 0.250000
18 0.178125 0.741406 0.187500 0.250000
13 0.585938 0.208594 0.187500 0.250000
21 0.607812 0.812500 0.187500 0.250000
3 0.119531 0.139063 0.187500 0.250000
