10 0.889844 0.237500 0.187500 0.250000
13 0.147656 0.480469 0.187500 0.250000
24 0.809375 0.810937 0.187500 0.250000
13 0.587500 0.521875 0.187500 0.250000
30 0.895312 0.458594 0.187500 0.250000
11 0.197656 0.164844 0.187500 0.250000
31 0.291406 0.834375 0.187500 0.250000
13 0.706250 0.261719 0.187500 0.250000
18 0.388281 0.142187 0.187500 0.250000
23 0.441406 0.749219 0.187500 0.250000
17 0.378906 0.530469 0.187500 0.250000
19 0.649219 0.811719 0.187500 0.250000
6 0.529687 0.286719 0.187500 0.250000
26 0.165625 0.694531 0.187500 0.250000
