7 0.478906 0.701562 0.187500 0.250000
7 0.295312 0.611719 0.187500 0.250000
29 0.406250 0.423438 0.187500 0.250000
1 0.846094 0.539844 0.187500 0.250000
29 0.773438 0.256250 0.187500 0.250000
33 0.119531 0.728906 0.187500 0.250000
19 0.526563 0.228125 0.187500 0.250000
17 0.265625 0.348438 0.187500 0.250000
13 0.159375 0.521094 0.187500 0.250000
13 0.614844 0.405469 0.187500 0.250000
21 0.846094 0.757812 0.187500 0.250000
30 0.611719 0.858594 0.187500 0.250000
3 0.691406 0.595313 0.187500 0.250000
19 0.127344 0.238281 0.187500 0.250000
