21 0.130469 0.867969 0.187500 0.250000
10 0.169531 0.540625 0.187500 0.250000
20 0.277344 0.251563 0.187500 0.250000
4 0.553906 0.830469 0.187500 0.250000
11 0.751563 0.486719 0.187500 0.250000
24 0.883594 0.862500 0.187500 0.250000
7 0.585156 0.225000 0.187500 0.250000
18 0.095312 0.278906 0.187500 0.250000
21 0.425781 0.545312 0.187500 0.250000
14 0.303906 0.669531 0.187500 0.250000
5 0.889844 0.313281 0.187500 0.250000
19 0.714844 0.860156 0.187500 0.250000
6 0.581250 0.489844 0.187500 0.250000
17 0.375781 0.860938 0.187500 0.250000
