24 0.737500 0.569531 0.187500 0.250000
29 0.166406 0.266406 0.187500 0.250000
2 0.884375 0.821875 0.187500 0.250000
1 0.547656 0.200000 0.187500 0.250000
17 0.350000 0.460156 0.187500 0.250000
13 0.505469 0.871875 0.187500 0.250000
27 0.239063 0.757812 0.187500 0.250000
2 0.680469 0.815625 0.187500 0.250000
20 0.878125 0.421875 0.187500 0.250000
29 0.119531 0.589063 0.187500 0.250000
27 0.717969 0.307031 0.187500 0.250000
29 0.873437 0.159375 0.187500 0.250000
0 0.576562 0.412500 0.187500 0.250000
2 0.385937 0.203125 0.187500 0.250000
