15 0.479687 0.494531 0.187500 0.250000
0 0.493750 0.821875 0.187500 0.250000
22 0.721094 0.848437 0.187500 0.250000
12 0.293750 0.729688 0.187500 0.250000
13 0.107031 0.246875 0.187500 0.250000
21 0.407813 0.281250 0.187500 0.250000
20 0.132031 0.857031 0.187500 0.250000
11 0.695312 0.170313 0.187500 0.250000
9 0.716406 0.517188 0.187500 0.250000
8 0.250781 0.167969 0.187500 0.250000
28 0.217188 0.551562 0.187500 0.250000
20 0.842969 0.699219 0.187500 0.250000
6 0.904687 0.498437 0.187500 0.250000
14 0.857031 0.130469 0.187500 0.250000
