4 0.262500 0.592969 0.187500 0.250000
25 0.427344 0.480469 0.187500 0.250000
30 0.669531 0.169531 0.187500 0.250000
0 0.792188 0.421094 0.187500 0.250000
6 0.607812 0.470313 0.187500 0.250000
17 0.781250 0.831250 0.187500 0.250000
0 0.126562 0.507031 0.187500 0.250000
2 0.481250 0.171094 0.187500 0.250000
25 0.445312 0.802344 0.187500 0.250000
18 0.113281 0.181250 0.187500 0.250000
31 0.135937 0.842187 0.187500 0.250000
11 0.596094 0.758594 0.187500 0.250000
5 0.826562 0.636719 0.187500 0.250000
26 0.303906 0.190625 0.187500 0.250000
