11 0.116406 0.693750 0.187500 0.250000
33 0.727344 0.361719 0.187500 0.250000
23 0.649219 0.671875 0.187500 0.250000
25 0.396875 0.525781 0.187500 0.250000
3 0.217969 0.386719 0.187500 0.250000
8 0.906250 0.753906 0.187500 0.250000
17 0.577344 0.405469 0.187500 0.250000
19 0.504687 0.802344 0.187500 0.250000
17 0.514844 0.166406 0.187500 0.250000
17 0.292969 0.703125 0.187500 0.250000
0 0.146094 0.160156 0.187500 0.250000
12 0.360938 0.283594 0.187500 0.250000
3 0.853906 0.520312 0.187500 0.250000
16 0.881250 0.172656 0.187500 0.250000
