14 0.271094 0.680469 0.187500 0.250000
24 0.215625 0.257031 0.187500 0.250000
2 0.578906 0.181250 0.187500 0.250000
2 0.107031 0.708594 0.187500 0.250000
10 0.557813 0.532813 0.187500 0.250000
16 0.386719 0.837500 0.187500 0.250000
26 0.140625 0.510156 0.187500 0.250000
11 0.898438 0.367969 0.187500 0.250000
25 0.732812 0.845313 0.187500 0.250000
5 0.742188 0.510156 0.187500 0.250000
5 0.362500 0.379688 0.187500 0.250000
26 0.407813 0.161719 0.187500 0.250000
2 0.858594 0.127344 0.187500 0.250000
