6 0.494531 0.483594 0.187500 0.250000
10 0.496094 0.189062 0.187500 0.250000
30 0.450000 0.714063 0.187500 0.250000
12 0.682813 0.576562 0.187500 0.250000
3 0.871875 0.684375 0.187500 0.250000
30 0.221875 0.446094 0.187500 0.250000
12 0.767969 0.352344 0.187500 0.250000
14 0.203125 0.848437 0.187500 0.250000
27 0.681250 0.175781 0.187500 0.250000
28 0.142969 0.128125 0.187500 0.250000
23 0.369531 0.360156 0.187500 0.250000
32 0.750000 0.860938 0.187500 0.250000
21 0.906250 0.151562 0.187500 0.250000
15 0.567187 0.867188 0.187500 0.250000
