32 0.409375 0.272656 0.187500 0.250000
26 0.869531 0.386719 0.187500 0.250000
4 0.707812 0.545312 0.187500 0.250000
33 0.274219 0.836719 0.187500 0.250000
4 0.882031 0.723437 0.187500 0.250000
26 0.478906 0.829688 0.187500 0.250000
12 0.515625 0.616406 0.187500 0.250000
18 0.220312 0.647656 0.187500 0.250000
5 0.620313 0.164062 0.187500 0.250000
16 0.189062 0.150000 0.187500 0.250000
2 0.355469 0.515625 0.187500 0.250000
27 0.553906 0.382031 0.187500 0.250000
13 0.639844 0.755469 0.187500 0.250000
1 0.876563 0.181250 0.187500 0.250000
