11 0.721875 0.321875 0.187500 0.250000
6 0.457031 0.583594 0.187500 0.250000
14 0.881250 0.666406 0.187500 0.250000
16 0.582031 0.751563 0.187500 0.250000
8 0.200000 0.567187 0.187500 0.250000
21 0.187500 0.840625 0.187500 0.250000
24 0.530469 0.140625 0.187500 0.250000
6 0.414062 0.841406 0.187500 0.250000
25 0.435156 0.364844 0.187500 0.250000
17 0.175000 0.263281 0.187500 0.250000
14 0.734375 0.578906 0.187500 0.250000
15 0.889844 0.423438 0.187500 0.250000
5 0.732812 0.814844 0.187500 0.250000
31 0.821094 0.151562 0.187500 0.250000
