17 0.848437 0.611719 0.187500 0.250000
4 0.126562 0.793750 0.187500 0.250000
4 0.461719 0.344531 0.187500 0.250000
9 0.152344 0.133594 0.187500 0.250000
26 0.396094 0.619531 0.187500 0.250000
0 0.773438 0.787500 0.187500 0.250000
16 0.802344 0.199219 0.187500 0.250000
12 0.294531 0.218750 0.187500 0.250000
16 0.575000 0.685937 0.187500 0.250000
2 0.187500 0.461719 0.187500 0.250000
20 0.613281 0.314844 0.187500 0.250000
13 0.467187 0.835938 0.187500 0.250000
14 0.674219 0.517188 0.187500 0.250000
22 0.475000 0.138281 0.187500 0.250000
