24 0.615625 0.587500 0.187500 0.250000
19 0.588281 0.807031 0.187500 0.250000
13 0.807813 0.407031 0.187500 0.250000
6 0.333594 0.316406 0.187500 0.250000
26 0.185938 0.500000 0.187500 0.250000
27 0.905469 0.735938 0.187500 0.250000
26 0.869531 0.179688 0.187500 0.250000
16 0.329688 0.654687 0.187500 0.250000
13 0.155469 0.136719 0.187500 0.250000
7 0.135156 0.806250 0.187500 0.250000
15 0.620313 0.157812 0.187500 0.250000
23 0.764062 0.653906 0.187500 0.250000
1 0.429688 0.824219 0.187500 0.250000
