19 0.787500 0.625000 0.187500 0.250000
9 0.234375 0.828125 0.187500 0.250000
3 0.288281 0.378906 0.187500 0.250000
18 0.638281 0.741406 0.187500 0.250000
13 0.860156 0.852344 0.187500 0.250000
25 0.470313 0.246094 0.187500 0.250000
22 0.507031 0.610938 0.187500 0.250000
11 0.100000 0.213281 0.187500 0.250000
1 0.734375 0.267188 0.187500 0.250000
11 0.604688 0.428125 0.187500 0.250000
9 0.113281 0.422656 0.187500 0.250000
20 0.360156 0.559375 0.187500 0.250000
0 0.883594 0.127344 0.187500 0.250000
