24 0.348438 0.758594 0.187500 0.250000
22 0.499219 0.368750 0.187500 0.250000
32 0.686719 0.857031 0.187500 0.250000
22 0.621094 0.519531 0.187500 0.250000
21 0.251563 0.212500 0.187500 0.250000
4 0.906250 0.378906 0.187500 0.250000
16 0.104688 0.164062 0.187500 0.250000
0 0.830469 0.150781 0.187500 0.250000
24 0.853906 0.851562 0.187500 0.250000
20 0.532813 0.125000 0.187500 0.250000
29 0.144531 0.541406 0.187500 0.250000
33 0.661719 0.242969 0.187500 0.250000
18 0.822656 0.563281 0.187500 0.250000
12 0.483594 0.603125 0.187500 0.250000
