23 0.313281 0.226562 0.187500 0.250000
19 0.133594 0.164844 0.187500 0.250000
13 0.510938 0.221094 0.187500 0.250000
25 0.713281 0.741406 0.187500 0.250000
6 0.625000 0.398438 0.187500 0.250000
9 0.864844 0.573438 0.187500 0.250000
22 0.246875 0.855469 0.187500 0.250000
3 0.140625 0.390625 0.187500 0.250000
8 0.357812 0.579688 0.187500 0.250000
6 0.508594 0.734375 0.187500 0.250000
19 0.160156 0.656250 0.187500 0.250000
18 0.810937 0.185938 0.187500 0.250000
5 0.906250 0.845313 0.187500 0.250000
