1 0.625781 0.496094 0.187500 0.250000
18 0.543750 0.810156 0.187500 0.250000
13 0.242188 0.451562 0.187500 0.250000
25 0.750781 0.806250 0.187500 0.250000
1 0.679688 0.159375 0.187500 0.250000
8 0.178906 0.256250 0.187500 0.250000
10 0.325000 0.132031 0.187500 0.250000
25 0.268750 0.800000 0.187500 0.250000
12 0.812500 0.452344 0.187500 0.250000
3 0.864062 0.161719 0.187500 0.250000
23 0.444531 0.307031 0.187500 0.250000
30 0.098437 0.552344 0.187500 0.250000
17 0.448437 0.548438 0.187500 0.250000
