21 0.558594 0.504687 0.187500 0.250000
28 0.218750 0.207813 0.187500 0.250000
12 0.127344 0.828125 0.187500 0.250000
13 0.360156 0.790625 0.187500 0.250000
1 0.742188 0.338281 0.187500 0.250000
28 0.604688 0.816406 0.187500 0.250000
4 0.765625 0.557031 0.187500 0.250000
6 0.384375 0.412500 0.187500 0.250000
28 0.850000 0.775781 0.187500 0.250000
17 0.493750 0.228125 0.187500 0.250000
28 0.276562 0.580469 0.187500 0.250000
29 0.902344 0.260937 0.187500 0.250000
9 0.125781 0.420312 0.187500 0.250000
