26 0.257812 0.603906 0.187500 0.250000
24 0.593750 0.310156 0.187500 0.250000
19 0.349219 0.800781 0.187500 0.250000
9 0.635938 0.726562 0.187500 0.250000
18 0.843750 0.503125 0.187500 0.250000
5 0.367188 0.426563 0.187500 0.250000
19 0.335156 0.209375 0.187500 0.250000
13 0.108594 0.801562 0.187500 0.250000
1 0.150000 0.160938 0.187500 0.250000
27 0.693750 0.528906 0.187500 0.250000
0 0.792969 0.242969 0.187500 0.250000
25 0.881250 0.858594 0.187500 0.250000
30 0.096094 0.539062 0.187500 0.250000
9 0.477344 0.610938 0.187500 0.250000
