13 0.763281 0.386719 0.187500 0.250000
16 0.225781 0.717969 0.187500 0.250000
12 0.201563 0.457031 0.187500 0.250000
25 0.792188 0.636719 0.187500 0.250000
13 0.378906 0.508594 0.187500 0.250000
20 0.610938 0.228906 0.187500 0.250000
29 0.397656 0.170313 0.187500 0.250000
3 0.150000 0.263281 0.187500 0.250000
13 0.817969 0.875000 0.187500 0.250000
12 0.627344 0.735938 0.187500 0.250000
33 0.619531 0.521875 0.187500 0.250000
21 0.444531 0.817969 0.187500 0.250000
19 0.900000 0.262500 0.187500 0.250000
