6 0.520312 0.272656 0.187500 0.250000
7 0.278125 0.728906 0.187500 0.250000
3 0.300000 0.193750 0.187500 0.250000
10 0.842969 0.625781 0.187500 0.250000
5 0.497656 0.668750 0.187500 0.250000
18 0.164062 0.440625 0.187500 0.250000
13 0.708594 0.369531 0.187500 0.250000
14 0.432812 0.449219 0.187500 0.250000
33 0.836719 0.211719 0.187500 0.250000
13 0.485938 0.874219 0.187500 0.250000
13 0.744531 0.867969 0.187500 0.250000
6 0.121875 0.231250 0.187500 0.250000
32 0.896875 0.828906 0.187500 0.250000
23 0.100781 0.729688 0.187500 0.250000
