2 0.832812 0.853125 0.187500 0.250000
4 0.422656 0.850000 0.187500 0.250000
28 0.728125 0.470313 0.187500 0.250000
28 0.408594 0.498437 0.187500 0.250000
3 0.574219 0.784375 0.187500 0.250000
14 0.200000 0.348438 0.187500 0.250000
14 0.450000 0.204687 0.187500 0.250000
3 0.103125 0.751563 0.187500 0.250000
20 0.132031 0.539062 0.187500 0.250000
31 0.876563 0.157812 0.187500 0.250000
31 0.710156 0.198437 0.187500 0.250000
33 0.536719 0.371875 0.187500 0.250000
7 0.717969 0.720313 0.187500 0.250000
31 0.187500 0.136719 0.187500 0.250000
