27 0.442969 0.139063 0.187500 0.250000
15 0.229687 0.471875 0.187500 0.250000
5 0.456250 0.791406 0.187500 0.250000
28 0.112500 0.646094 0.187500 0.250000
2 0.695312 0.671094 0.187500 0.250000
12 0.810156 0.339844 0.187500 0.250000
19 0.867188 0.801562 0.187500 0.250000
22 0.296875 0.260937 0.187500 0.250000
30 0.463281 0.406250 0.187500 0.250000
5 0.247656 0.870313 0.187500 0.250000
16 0.098437 0.210938 0.187500 0.250000
9 0.649219 0.480469 0.187500 0.250000
21 0.673438 0.197656 0.187500 0.250000
12 0.610156 0.839844 0.187500 0.250000
