5 0.630469 0.168750 0.187500 0.250000
10 0.198437 0.793750 0.187500 0.250000
29 0.439063 0.508594 0.187500 0.250000
31 0.714063 0.407031 0.187500 0.250000
1 0.775000 0.657813 0.187500 0.250000
19 0.173437 0.193750 0.187500 0.250000
11 0.866406 0.360938 0.187500 0.250000
4 0.256250 0.571094 0.187500 0.250000
30 0.322656 0.352344 0.187500 0.250000
14 0.885156 0.150781 0.187500 0.250000
17 0.371094 0.748437 0.187500 0.250000
10 0.427344 0.159375 0.187500 0.250000
2 0.628906 0.825000 0.187500 0.250000
9 0.121875 0.481250 0.187500 0.250000
