3 0.271875 0.641406 0.187500 0.250000
6 0.107813 0.564844 0.187500 0.250000
2 0.507812 0.385937 0.187500 0.250000
8 0.709375 0.723437 0.187500 0.250000
19 0.354687 0.264062 0.187500 0.250000
28 0.533594 0.621875 0.187500 0.250000
27 0.706250 0.454688 0.187500 0.250000
32 0.877344 0.391406 0.187500 0.250000
15 0.478125 0.819531 0.187500 0.250000
8 0.869531 0.807031 0.187500 0.250000
26 0.884375 0.178906 0.187500 0.250000
3 0.186719 0.816406 0.187500 0.250000
16 0.712500 0.230469 0.187500 0.250000
14 0.155469 0.258594 0.187500 0.250000
