32 0.889062 0.361719 0.187500 0.250000
13 0.468750 0.464062 0.187500 0.250000
25 0.136719 0.681250 0.187500 0.250000
3 0.126562 0.191406 0.187500 0.250000
2 0.769531 0.833594 0.187500 0.250000
18 0.610938 0.316406 0.187500 0.250000
2 0.308594 0.214062 0.187500 0.250000
17 0.613281 0.609375 0.187500 0.250000
18 0.283594 0.760938 0.187500 0.250000
2 0.474219 0.208594 0.187500 0.250000
19 0.417187 0.652344 0.187500 0.250000
8 0.787500 0.178906 0.187500 0.250000
8 0.444531 0.866406 0.187500 0.250000
