20 0.716406 0.568750 0.187500 0.250000
11 0.510156 0.202344 0.187500 0.250000
18 0.865625 0.721094 0.187500 0.250000
19 0.196094 0.407031 0.187500 0.250000
0 0.885938 0.397656 0.187500 0.250000
16 0.097656 0.242969 0.187500 0.250000
32 0.480469 0.597656 0.187500 0.250000
26 0.139063 0.827344 0.187500 0.250000
2 0.201563 0.629687 0.187500 0.250000
2 0.324219 0.775000 0.187500 0.250000
29 0.667969 0.812500 0.187500 0.250000
5 0.300000 0.189062 0.187500 0.250000
30 0.715625 0.310937 0.187500 0.250000
24 0.417969 0.414062 0.187500 0.250000
