12 0.157812 0.364844 0.187500 0.250000
19 0.888281 0.281250 0.187500 0.250000
16 0.674219 0.543750 0.187500 0.250000
17 0.357812 0.394531 0.187500 0.250000
15 0.101562 0.767188 0.187500 0.250000
10 0.260937 0.776563 0.187500 0.250000
31 0.103906 0.167969 0.187500 0.250000
19 0.762500 0.823438 0.187500 0.250000
32 0.528906 0.628125 0.187500 0.250000
24 0.467969 0.139844 0.187500 0.250000
27 0.550000 0.346875 0.187500 0.250000
19 0.836719 0.635938 0.187500 0.250000
30 0.683594 0.244531 0.187500 0.250000
27 0.259375 0.128125 0.187500 0.250000
