14 0.460156 0.710938 0.187500 0.250000
7 0.449219 0.150000 0.187500 0.250000
16 0.694531 0.428906 0.187500 0.250000
24 0.210156 0.146094 0.187500 0.250000
0 0.865625 0.587500 0.187500 0.250000
30 0.643750 0.177344 0.187500 0.250000
0 0.400781 0.464844 0.187500 0.250000
6 0.304688 0.712500 0.187500 0.250000
18 0.684375 0.786719 0.187500 0.250000
5 0.873437 0.135937 0.187500 0.250000
12 0.103125 0.320312 0.187500 0.250000
11 0.129688 0.743750 0.187500 0.250000
12 0.236719 0.465625 0.187500 0.250000
31 0.876563 0.350000 0.187500 0.250000
