27 0.646094 0.160156 0.187500 0.250000
24 0.154688 0.726562 0.187500 0.250000
12 0.646094 0.493750 0.187500 0.250000
7 0.844531 0.533594 0.187500 0.250000
31 0.209375 0.364844 0.187500 0.250000
25 0.425000 0.134375 0.187500 0.250000
19 0.321094 0.810156 0.187500 0.250000
3 0.412500 0.502344 0.187500 0.250000
3 0.691406 0.818750 0.187500 0.250000
23 0.270313 0.153906 0.187500 0.250000
13 0.821094 0.141406 0.187500 0.250000
2 0.500000 0.326562 0.187500 0.250000
33 0.475781 0.842187 0.187500 0.250000
18 0.251563 0.564063 0.187500 0.250000
