25 0.389844 0.399219 0.187500 0.250000
4 0.489063 0.683594 0.187500 0.250000
33 0.297656 0.668750 0.187500 0.250000
12 0.859375 0.589063 0.187500 0.250000
32 0.826562 0.354687 0.187500 0.250000
26 0.787500 0.770312 0.187500 0.250000
5 0.660156 0.567969 0.187500 0.250000
27 0.170313 0.363281 0.187500 0.250000
13 0.801562 0.136719 0.187500 0.250000
22 0.596094 0.843750 0.187500 0.250000
2 0.134375 0.689063 0.187500 0.250000
22 0.575781 0.218750 0.187500 0.250000
32 0.382031 0.146094 0.187500 0.250000
