24 0.211719 0.611719 0.187500 0.250000
11 0.832812 0.689063 0.187500 0.250000
12 0.339844 0.397656 0.187500 0.250000
23 0.465625 0.682031 0.187500 0.250000
1 0.725000 0.507031 0.187500 0.250000
26 0.103906 0.326562 0.187500 0.250000
9 0.215625 0.823438 0.187500 0.250000
33 0.531250 0.464062 0.187500 0.250000
26 0.264062 0.191406 0.187500 0.250000
10 0.631250 0.171875 0.187500 0.250000
22 0.397656 0.860938 0.187500 0.250000
24 0.617969 0.844531 0.187500 0.250000
4 0.417969 0.139063 0.187500 0.250000
9 0.785937 0.242969 0.187500 0.250000
