21 0.774219 0.362500 0.187500 0.250000
13 0.521875 0.436719 0.187500 0.250000
26 0.888281 0.614844 0.187500 0.250000
15 0.454688 0.192969 0.187500 0.250000
33 0.449219 0.855469 0.187500 0.250000
17 0.203125 0.505469 0.187500 0.250000
17 0.844531 0.854688 0.187500 0.250000
6 0.335938 0.410938 0.187500 0.250000
19 0.296094 0.157031 0.187500 0.250000
29 0.268750 0.692969 0.187500 0.250000
31 0.619531 0.651563 0.187500 0.250000
26 0.152344 0.829688 0.187500 0.250000
6 0.874219 0.144531 0.187500 0.250000
6 0.650000 0.163281 0.187500 0.250000
