28 0.850000 0.532813 0.187500 0.250000
17 0.147656 0.412500 0.187500 0.250000
12 0.329688 0.593750 0.187500 0.250000
17 0.601562 0.428906 0.187500 0.250000
30 0.558594 0.217188 0.187500 0.250000
18 0.585156 0.694531 0.187500 0.250000
15 0.093750 0.671094 0.187500 0.250000
13 0.755469 0.142187 0.187500 0.250000
4 0.239844 0.855469 0.187500 0.250000
20 0.175000 0.214062 0.187500 0.250000
13 0.407813 0.775000 0.187500 0.250000
30 0.399219 0.196875 0.187500 0.250000
27 0.898438 0.844531 0.187500 0.250000
