23 0.407031 0.344531 0.187500 0.250000
17 0.239063 0.817969 0.187500 0.250000
21 0.157812 0.184375 0.187500 0.250000
15 0.589063 0.603125 0.187500 0.250000
23 0.208594 0.546094 0.187500 0.250000
10 0.637500 0.328125 0.187500 0.250000
14 0.764844 0.526563 0.187500 0.250000
7 0.846875 0.332813 0.187500 0.250000
7 0.791406 0.814063 0.187500 0.250000
10 0.515625 0.801562 0.187500 0.250000
18 0.416406 0.582031 0.187500 0.250000
3 0.741406 0.142187 0.187500 0.250000
22 0.391406 0.126562 0.187500 0.250000
