22 0.446094 0.753125 0.187500 0.250000
2 0.397656 0.196875 0.187500 0.250000
20 0.225781 0.794531 0.187500 0.250000
5 0.592187 0.474219 0.187500 0.250000
32 0.791406 0.364844 0.187500 0.250000
17 0.421875 0.488281 0.187500 0.250000
32 0.132031 0.369531 0.187500 0.250000
1 0.905469 0.785156 0.187500 0.250000
16 0.803906 0.571875 0.187500 0.250000
32 0.844531 0.160938 0.187500 0.250000
28 0.650781 0.289062 0.187500 0.250000
6 0.117969 0.574219 0.187500 0.250000
10 0.612500 0.860938 0.187500 0.250000
4 0.175000 0.165625 0.187500 0.250000
