16 0.592969 0.400000 0.187500 0.250000
8 0.380469 0.642188 0.187500 0.250000
12 0.594531 0.871875 0.187500 0.250000
28 0.113281 0.580469 0.187500 0.250000
25 0.196875 0.315625 0.187500 0.250000
11 0.432031 0.184375 0.187500 0.250000
4 0.235937 0.701562 0.187500 0.250000
2 0.819531 0.579688 0.187500 0.250000
11 0.668750 0.152344 0.187500 0.250000
15 0.873437 0.142187 0.187500 0.250000
26 0.785937 0.817969 0.187500 0.250000
3 0.267188 0.500781 0.187500 0.250000
19 0.853906 0.375000 0.187500 0.250000
