5 0.192969 0.471875 0.187500 0.250000
0 0.548438 0.250000 0.187500 0.250000
19 0.876563 0.674219 0.187500 0.250000
20 0.116406 0.865625 0.187500 0.250000
7 0.898438 0.306250 0.187500 0.250000
33 0.619531 0.429688 0.187500 0.250000
11 0.656250 0.703125 0.187500 0.250000
4 0.387500 0.872656 0.187500 0.250000
17 0.316406 0.203125 0.187500 0.250000
33 0.710938 0.252344 0.187500 0.250000
22 0.463281 0.576562 0.187500 0.250000
27 0.242188 0.701562 0.187500 0.250000
22 0.801562 0.866406 0.187500 0.250000
