1 0.783594 0.175000 0.187500 0.250000
5 0.614062 0.741406 0.187500 0.250000
27 0.299219 0.503906 0.187500 0.250000
25 0.347656 0.851562 0.187500 0.250000
9 0.854688 0.671094 0.187500 0.250000
26 0.571094 0.175000 0.187500 0.250000
21 0.734375 0.458594 0.187500 0.250000
4 0.388281 0.125781 0.187500 0.250000
6 0.498437 0.452344 0.187500 0.250000
9 0.237500 0.159375 0.187500 0.250000
9 0.453125 0.674219 0.187500 0.250000
9 0.182812 0.671875 0.187500 0.250000
30 0.903125 0.371875 0.187500 0.250000
24 0.180469 0.362500 0.187500 0.250000
