25 0.864844 0.666406 0.187500 0.250000
3 0.571094 0.662500 0.187500 0.250000
14 0.611719 0.232813 0.187500 0.250000
26 0.240625 0.820312 0.187500 0.250000
16 0.817187 0.153906 0.187500 0.250000
25 0.843750 0.868750 0.187500 0.250000
1 0.414062 0.759375 0.187500 0.250000
4 0.760938 0.375000 0.187500 0.250000
3 0.115625 0.685156 0.187500 0.250000
18 0.228125 0.279687 0.187500 0.250000
9 0.357031 0.522656 0.187500 0.250000
29 0.610938 0.455469 0.187500 0.250000
14 0.368750 0.134375 0.187500 0.250000
29 0.463281 0.360938 0.187500 0.250000
