14 0.571094 0.870313 0.187500 0.250000
10 0.378906 0.242969 0.187500 0.250000
21 0.624219 0.625000 0.187500 0.250000
27 0.370312 0.805469 0.187500 0.250000
7 0.864062 0.725000 0.187500 0.250000
29 0.117188 0.803125 0.187500 0.250000
24 0.562500 0.357031 0.187500 0.250000
11 0.331250 0.466406 0.187500 0.250000
12 0.113281 0.546875 0.187500 0.250000
8 0.242188 0.153906 0.187500 0.250000
18 0.835156 0.302344 0.187500 0.250000
18 0.800781 0.511719 0.187500 0.250000
6 0.114062 0.313281 0.187500 0.250000
0 0.686719 0.233594 0.187500 0.250000
