0 0.868750 0.239844 0.187500 0.250000
21 0.526563 0.583594 0.187500 0.250000
13 0.655469 0.238281 0.187500 0.250000
2 0.239844 0.776563 0.187500 0.250000
17 0.863281 0.725781 0.187500 0.250000
17 0.308594 0.357812 0.187500 0.250000
26 0.704688 0.518750 0.187500 0.250000
18 0.250000 0.140625 0.187500 0.250000
30 0.726562 0.863281 0.187500 0.250000
18 0.111719 0.428906 0.187500 0.250000
24 0.848437 0.446875 0.187500 0.250000
31 0.410156 0.728125 0.187500 0.250000
6 0.517188 0.332813 0.187500 0.250000
11 0.486719 0.128125 0.187500 0.250000
