9 0.689063 0.163281 0.187500 0.250000
15 0.867188 0.231250 0.187500 0.250000
0 0.347656 0.281250 0.187500 0.250000
14 0.564063 0.873437 0.187500 0.250000
5 0.283594 0.832812 0.187500 0.250000
18 0.370312 0.603906 0.187500 0.250000
0 0.155469 0.479687 0.187500 0.250000
6 0.739062 0.869531 0.187500 0.250000
22 0.825000 0.700781 0.187500 0.250000
19 0.596875 0.580469 0.187500 0.250000
0 0.650000 0.388281 0.187500 0.250000
22 0.182812 0.214844 0.187500 0.250000
33 0.502344 0.199219 0.187500 0.250000
