23 0.373437 0.765625 0.187500 0.250000
15 0.668750 0.598437 0.187500 0.250000
2 0.285156 0.339062 0.187500 0.250000
16 0.671875 0.339844 0.187500 0.250000
16 0.892969 0.177344 0.187500 0.250000
7 0.140625 0.839844 0.187500 0.250000
5 0.166406 0.549219 0.187500 0.250000
26 0.885156 0.386719 0.187500 0.250000
33 0.521094 0.370312 0.187500 0.250000
10 0.361719 0.550781 0.187500 0.250000
25 0.512500 0.663281 0.187500 0.250000
25 0.782031 0.780469 0.187500 0.250000
26 0.900000 0.622656 0.187500 0.250000
30 0.167969 0.129688 0.187500 0.250000
