15 0.860156 0.615625 0.187500 0.250000
9 0.108594 0.235156 0.187500 0.250000
29 0.245312 0.381250 0.187500 0.250000
3 0.375781 0.657813 0.187500 0.250000
7 0.463281 0.165625 0.187500 0.250000
6 0.671094 0.776563 0.187500 0.250000
9 0.546094 0.620313 0.187500 0.250000
29 0.555469 0.355469 0.187500 0.250000
20 0.710156 0.553906 0.187500 0.250000
4 0.108594 0.485938 0.187500 0.250000
17 0.129688 0.720313 0.187500 0.250000
9 0.785937 0.229687 0.187500 0.250000
24 0.275781 0.130469 0.187500 0.250000
13 0.401562 0.403125 0.187500 0.250000
