27 0.094531 0.126562 0.187500 0.250000
32 0.130469 0.724219 0.187500 0.250000
9 0.539062 0.607031 0.187500 0.250000
29 0.675000 0.777344 0.187500 0.250000
3 0.568750 0.384375 0.187500 0.250000
30 0.902344 0.614062 0.187500 0.250000
13 0.378906 0.296094 0.187500 0.250000
14 0.794531 0.380469 0.187500 0.250000
27 0.266406 0.599219 0.187500 0.250000
32 0.252344 0.131250 0.187500 0.250000
16 0.244531 0.868750 0.187500 0.250000
33 0.512500 0.820312 0.187500 0.250000
33 0.103906 0.446875 0.187500 0.250000
33 0.554688 0.139844 0.187500 0.250000
