25 0.428906 0.862500 0.187500 0.250000
33 0.696094 0.613281 0.187500 0.250000
8 0.510938 0.147656 0.187500 0.250000
26 0.743750 0.865625 0.187500 0.250000
13 0.612500 0.341406 0.187500 0.250000
22 0.192188 0.360938 0.187500 0.250000
14 0.535937 0.653906 0.187500 0.250000
23 0.292187 0.612500 0.187500 0.250000
7 0.906250 0.324219 0.187500 0.250000
8 0.112500 0.782031 0.187500 0.250000
24 0.482031 0.453125 0.187500 0.250000
27 0.371094 0.260156 0.187500 0.250000
1 0.729688 0.138281 0.187500 0.250000
