17 0.746875 0.615625 0.187500 0.250000
16 0.571875 0.622656 0.187500 0.250000
18 0.119531 0.376563 0.187500 0.250000
21 0.115625 0.609375 0.187500 0.250000
12 0.331250 0.586719 0.187500 0.250000
15 0.567969 0.306250 0.187500 0.250000
15 0.275781 0.350781 0.187500 0.250000
2 0.149219 0.153906 0.187500 0.250000
4 0.824219 0.261719 0.187500 0.250000
13 0.408594 0.761719 0.187500 0.250000
6 0.195312 0.802344 0.187500 0.250000
24 0.692187 0.853125 0.187500 0.250000
12 0.393750 0.183594 0.187500 0.250000
31 0.887500 0.525000 0.187500 0.250000
