31 0.457813 0.145313 0.187500 0.250000
29 0.142187 0.275000 0.187500 0.250000
4 0.226562 0.606250 0.187500 0.250000
11 0.609375 0.792969 0.187500 0.250000
30 0.642969 0.400000 0.187500 0.250000
4 0.300000 0.265625 0.187500 0.250000
22 0.874219 0.190625 0.187500 0.250000
28 0.468750 0.646094 0.187500 0.250000
1 0.855469 0.860156 0.187500 0.250000
24 0.158594 0.810156 0.187500 0.250000
30 0.792188 0.496875 0.187500 0.250000
32 0.364844 0.795312 0.187500 0.250000
30 0.383594 0.459375 0.187500 0.250000
12 0.722656 0.207031 0.187500 0.250000
