14 0.810937 0.752344 0.187500 0.250000
16 0.124219 0.849219 0.187500 0.250000
15 0.332813 0.387500 0.187500 0.250000
15 0.574219 0.141406 0.187500 0.250000
24 0.260156 0.656250 0.187500 0.250000
18 0.804688 0.352344 0.187500 0.250000
28 0.606250 0.684375 0.187500 0.250000
9 0.892969 0.139063 0.187500 0.250000
14 0.416406 0.751563 0.187500 0.250000
19 0.696875 0.510938 0.187500 0.250000
17 0.650781 0.316406 0.187500 0.250000
1 0.120313 0.482812 0.187500 0.250000
19 0.429688 0.203125 0.187500 0.250000
9 0.860938 0.552344 0.187500 0.250000
