24 0.681250 0.853906 0.187500 0.250000
23 0.343750 0.721875 0.187500 0.250000
21 0.856250 0.854688 0.187500 0.250000
0 0.841406 0.426563 0.187500 0.250000
33 0.368750 0.127344 0.187500 0.250000
23 0.321875 0.440625 0.187500 0.250000
3 0.717187 0.214844 0.187500 0.250000
13 0.129688 0.229687 0.187500 0.250000
28 0.143750 0.566406 0.187500 0.250000
7 0.531250 0.500781 0.187500 0.250000
29 0.528906 0.160156 0.187500 0.250000
27 0.886719 0.208594 0.187500 0.250000
5 0.513281 0.724219 0.187500 0.250000
22 0.688281 0.480469 0.187500 0.250000
