7 0.836719 0.775000 0.187500 0.250000
1 0.324219 0.194531 0.187500 0.250000
23 0.887500 0.503125 0.187500 0.250000
1 0.586719 0.315625 0.187500 0.250000
9 0.128125 0.392969 0.187500 0.250000
29 0.806250 0.251563 0.187500 0.250000
33 0.097656 0.678125 0.187500 0.250000
16 0.649219 0.827344 0.187500 0.250000
9 0.325781 0.840625 0.187500 0.250000
12 0.325000 0.497656 0.187500 0.250000
26 0.515625 0.729688 0.187500 0.250000
23 0.696094 0.545312 0.187500 0.250000
5 0.496094 0.481250 0.187500 0.250000
