22 0.362500 0.485156 0.187500 0.250000
7 0.411719 0.802344 0.187500 0.250000
3 0.457813 0.136719 0.187500 0.250000
13 0.205469 0.527344 0.187500 0.250000
26 0.605469 0.642969 0.187500 0.250000
21 0.606250 0.326562 0.187500 0.250000
26 0.193750 0.752344 0.187500 0.250000
9 0.743750 0.138281 0.187500 0.250000
33 0.860938 0.363281 0.187500 0.250000
19 0.712500 0.480469 0.187500 0.250000
16 0.842187 0.748437 0.187500 0.250000
15 0.118750 0.217188 0.187500 0.250000
14 0.695312 0.823438 0.187500 0.250000
15 0.261719 0.302344 0.187500 0.250000
