4 0.361719 0.713281 0.187500 0.250000
16 0.208594 0.723437 0.187500 0.250000
6 0.896875 0.709375 0.187500 0.250000
31 0.883594 0.171875 0.187500 0.250000
7 0.699219 0.667969 0.187500 0.250000
3 0.526563 0.409375 0.187500 0.250000
14 0.672656 0.314063 0.187500 0.250000
22 0.489063 0.830469 0.187500 0.250000
27 0.101562 0.212500 0.187500 0.250000
3 0.222656 0.465625 0.187500 0.250000
16 0.489844 0.154688 0.187500 0.250000
13 0.839063 0.443750 0.187500 0.250000
29 0.268750 0.250781 0.187500 0.250000
