17 0.896094 0.858594 0.187500 0.250000
28 0.200000 0.586719 0.187500 0.250000
11 0.235156 0.150000 0.187500 0.250000
32 0.650000 0.825781 0.187500 0.250000
8 0.407813 0.818750 0.187500 0.250000
31 0.411719 0.328125 0.187500 0.250000
12 0.792188 0.163281 0.187500 0.250000
0 0.657031 0.531250 0.187500 0.250000
21 0.571094 0.210156 0.187500 0.250000
15 0.850000 0.442188 0.187500 0.250000
20 0.189062 0.375000 0.187500 0.250000
1 0.443750 0.554688 0.187500 0.250000
11 0.886719 0.642188 0.187500 0.250000
15 0.095312 0.818750 0.187500 0.250000
