4 0.448437 0.860156 0.187500 0.250000
29 0.835156 0.209375 0.187500 0.250000
27 0.152344 0.343750 0.187500 0.250000
1 0.417187 0.216406 0.187500 0.250000
15 0.742188 0.719531 0.187500 0.250000
13 0.128906 0.752344 0.187500 0.250000
18 0.402344 0.539062 0.187500 0.250000
16 0.891406 0.773438 0.187500 0.250000
24 0.875000 0.446875 0.187500 0.250000
12 0.678906 0.250000 0.187500 0.250000
19 0.692969 0.454688 0.187500 0.250000
25 0.270313 0.153906 0.187500 0.250000
23 0.613281 0.865625 0.187500 0.250000
