5 0.228906 0.262500 0.187500 0.250000
33 0.648438 0.233594 0.187500 0.250000
11 0.454688 0.515625 0.187500 0.250000
1 0.246875 0.521875 0.187500 0.250000
19 0.098437 0.657813 0.187500 0.250000
14 0.440625 0.799219 0.187500 0.250000
28 0.656250 0.725000 0.187500 0.250000
4 0.425781 0.295312 0.187500 0.250000
0 0.863281 0.735156 0.187500 0.250000
2 0.246875 0.732031 0.187500 0.250000
9 0.825781 0.147656 0.187500 0.250000
33 0.867969 0.384375 0.187500 0.250000
30 0.103906 0.435937 0.187500 0.250000
22 0.737500 0.485156 0.187500 0.250000
