30 0.367188 0.172656 0.187500 0.250000
28 0.242969 0.560156 0.187500 0.250000
30 0.746875 0.725781 0.187500 0.250000
25 0.152344 0.282031 0.187500 0.250000
9 0.517969 0.805469 0.187500 0.250000
0 0.773438 0.507031 0.187500 0.250000
14 0.532813 0.593750 0.187500 0.250000
0 0.167969 0.745313 0.187500 0.250000
33 0.713281 0.267188 0.187500 0.250000
20 0.521094 0.189844 0.187500 0.250000
24 0.366406 0.700781 0.187500 0.250000
3 0.432812 0.421875 0.187500 0.250000
23 0.899219 0.863281 0.187500 0.250000
