8 0.596875 0.821875 0.187500 0.250000
4 0.561719 0.384375 0.187500 0.250000
20 0.402344 0.579688 0.187500 0.250000
29 0.093750 0.855469 0.187500 0.250000
12 0.162500 0.532031 0.187500 0.250000
33 0.790625 0.838281 0.187500 0.250000
1 0.550781 0.167969 0.187500 0.250000
29 0.839844 0.319531 0.187500 0.250000
9 0.717969 0.501563 0.187500 0.250000
30 0.379688 0.862500 0.187500 0.250000
28 0.220312 0.332031 0.187500 0.250000
33 0.394531 0.306250 0.187500 0.250000
27 0.903906 0.688281 0.187500 0.250000
