0 0.837500 0.370312 0.187500 0.250000
4 0.325781 0.470313 0.187500 0.250000
12 0.850781 0.735938 0.187500 0.250000
33 0.222656 0.791406 0.187500 0.250000
19 0.476562 0.312500 0.187500 0.250000
11 0.571094 0.764062 0.187500 0.250000
31 0.279687 0.196875 0.187500 0.250000
7 0.114844 0.190625 0.187500 0.250000
23 0.114844 0.534375 0.187500 0.250000
21 0.803906 0.139063 0.187500 0.250000
16 0.428125 0.668750 0.187500 0.250000
21 0.664844 0.346875 0.187500 0.250000
33 0.732812 0.540625 0.187500 0.250000
