32 0.850781 0.545312 0.187500 0.250000
30 0.625781 0.139844 0.187500 0.250000
20 0.121875 0.545312 0.187500 0.250000
5 0.301563 0.591406 0.187500 0.250000
26 0.121094 0.871094 0.187500 0.250000
10 0.714844 0.667188 0.187500 0.250000
8 0.575000 0.840625 0.187500 0.250000
2 0.479687 0.378125 0.187500 0.250000
27 0.768750 0.288281 0.187500 0.250000
32 0.369531 0.775000 0.187500 0.250000
5 0.882031 0.866406 0.187500 0.250000
19 0.520312 0.596094 0.187500 0.250000
21 0.313281 0.148438 0.187500 0.250000
12 0.112500 0.222656 0.187500 0.250000
