19 0.781250 0.505469 0.187500 0.250000
28 0.736719 0.827344 0.187500 0.250000
11 0.591406 0.347656 0.187500 0.250000
9 0.407031 0.128906 0.187500 0.250000
11 0.244531 0.339062 0.187500 0.250000
2 0.350781 0.704688 0.187500 0.250000
33 0.174219 0.763281 0.187500 0.250000
24 0.842187 0.321094 0.187500 0.250000
30 0.653906 0.627344 0.187500 0.250000
0 0.517969 0.837500 0.187500 0.250000
2 0.412500 0.420312 0.187500 0.250000
14 0.706250 0.153906 0.187500 0.250000
20 0.882031 0.722656 0.187500 0.250000
