3 0.764844 0.388281 0.187500 0.250000
16 0.228125 0.674219 0.187500 0.250000
22 0.604688 0.531250 0.187500 0.250000
29 0.116406 0.384375 0.187500 0.250000
17 0.445312 0.714063 0.187500 0.250000
27 0.574219 0.294531 0.187500 0.250000
22 0.296094 0.273438 0.187500 0.250000
13 0.620313 0.735156 0.187500 0.250000
19 0.800781 0.136719 0.187500 0.250000
18 0.884375 0.667188 0.187500 0.250000
1 0.095312 0.167187 0.187500 0.250000
25 0.748437 0.852344 0.187500 0.250000
19 0.368750 0.492969 0.187500 0.250000
