21 0.600000 0.329688 0.187500 0.250000
12 0.611719 0.546094 0.187500 0.250000
6 0.572656 0.805469 0.187500 0.250000
25 0.850781 0.731250 0.187500 0.250000
33 0.098437 0.388281 0.187500 0.250000
19 0.402344 0.767969 0.187500 0.250000
29 0.707812 0.164062 0.187500 0.250000
27 0.882812 0.170313 0.187500 0.250000
3 0.280469 0.375000 0.187500 0.250000
3 0.799219 0.511719 0.187500 0.250000
2 0.199219 0.828125 0.187500 0.250000
3 0.370312 0.126562 0.187500 0.250000
1 0.213281 0.606250 0.187500 0.250000
12 0.168750 0.161719 0.187500 0.250000
