33 0.242188 0.178125 0.187500 0.250000
9 0.139063 0.532031 0.187500 0.250000
4 0.399219 0.253125 0.187500 0.250000
4 0.506250 0.401562 0.187500 0.250000
14 0.212500 0.768750 0.187500 0.250000
19 0.853125 0.489844 0.187500 0.250000
33 0.703125 0.657813 0.187500 0.250000
19 0.433594 0.788281 0.187500 0.250000
32 0.762500 0.294531 0.187500 0.250000
17 0.882812 0.143750 0.187500 0.250000
9 0.642969 0.864844 0.187500 0.250000
3 0.839844 0.771875 0.187500 0.250000
26 0.363281 0.597656 0.187500 0.250000
