29 0.160938 0.374219 0.187500 0.250000
28 0.207813 0.796875 0.187500 0.250000
17 0.333594 0.542188 0.187500 0.250000
13 0.608594 0.378906 0.187500 0.250000
25 0.405469 0.314063 0.187500 0.250000
31 0.545312 0.694531 0.187500 0.250000
10 0.792188 0.203125 0.187500 0.250000
22 0.291406 0.152344 0.187500 0.250000
0 0.128125 0.173437 0.187500 0.250000
18 0.860938 0.531250 0.187500 0.250000
3 0.844531 0.801562 0.187500 0.250000
7 0.453125 0.870313 0.187500 0.250000
20 0.707031 0.614844 0.187500 0.250000
