20 0.584375 0.742969 0.187500 0.250000
29 0.759375 0.260156 0.187500 0.250000
4 0.375781 0.200000 0.187500 0.250000
25 0.415625 0.533594 0.187500 0.250000
25 0.808594 0.585156 0.187500 0.250000
10 0.123438 0.387500 0.187500 0.250000
24 0.203125 0.610938 0.187500 0.250000
31 0.572656 0.480469 0.187500 0.250000
12 0.825781 0.838281 0.187500 0.250000
0 0.619531 0.168750 0.187500 0.250000
6 0.351562 0.807813 0.187500 0.250000
8 0.275781 0.415625 0.187500 0.250000
3 0.148438 0.152344 0.187500 0.250000
11 0.201563 0.864062 0.187500 0.250000
