11 0.400000 0.682813 0.187500 0.250000
7 0.892188 0.761719 0.187500 0.250000
17 0.337500 0.249219 0.187500 0.250000
22 0.194531 0.417969 0.187500 0.250000
32 0.676562 0.713281 0.187500 0.250000
27 0.794531 0.575000 0.187500 0.250000
5 0.524219 0.565625 0.187500 0.250000
3 0.165625 0.826562 0.187500 0.250000
2 0.828906 0.308594 0.187500 0.250000
12 0.550781 0.195312 0.187500 0.250000
17 0.120313 0.235937 0.187500 0.250000
14 0.326562 0.859375 0.187500 0.250000
15 0.165625 0.618750 0.187500 0.250000
5 0.548438 0.835156 0.187500 0.250000
