33 0.896875 0.182031 0.187500 0.250000
10 0.485156 0.409375 0.187500 0.250000
20 0.172656 0.342187 0.187500 0.250000
19 0.792188 0.805469 0.187500 0.250000
13 0.579688 0.782031 0.187500 0.250000
17 0.735938 0.350000 0.187500 0.250000
4 0.308594 0.167969 0.187500 0.250000
20 0.457813 0.626563 0.187500 0.250000
33 0.177344 0.815625 0.187500 0.250000
30 0.207031 0.614844 0.187500 0.250000
18 0.779687 0.590625 0.187500 0.250000
2 0.899219 0.404687 0.187500 0.250000
0 0.367188 0.865625 0.187500 0.250000
22 0.648438 0.169531 0.187500 0.250000
