16 0.173437 0.346094 0.187500 0.250000
5 0.632812 0.628125 0.187500 0.250000
24 0.198437 0.702344 0.187500 0.250000
17 0.457031 0.167187 0.187500 0.250000
27 0.379688 0.660156 0.187500 0.250000
19 0.482031 0.488281 0.187500 0.250000
11 0.674219 0.381250 0.187500 0.250000
3 0.853906 0.203125 0.187500 0.250000
4 0.289844 0.140625 0.187500 0.250000
28 0.355469 0.869531 0.187500 0.250000
25 0.768750 0.772656 0.187500 0.250000
5 0.900000 0.560937 0.187500 0.250000
5 0.611719 0.176563 0.187500 0.250000
0 0.553906 0.846094 0.187500 0.250000
