6 0.448437 0.467969 0.187500 0.250000
9 0.750781 0.349219 0.187500 0.250000
2 0.655469 0.864062 0.187500 0.250000
1 0.627344 0.621094 0.187500 0.250000
4 0.190625 0.436719 0.187500 0.250000
7 0.202344 0.182812 0.187500 0.250000
30 0.792188 0.612500 0.187500 0.250000
2 0.168750 0.795312 0.187500 0.250000
3 0.891406 0.242969 0.187500 0.250000
27 0.564844 0.267969 0.187500 0.250000
32 0.444531 0.710938 0.187500 0.250000
29 0.331250 0.304688 0.187500 0.250000
8 0.687500 0.129688 0.187500 0.250000
33 0.815625 0.832031 0.187500 0.250000
