8 0.699219 0.145313 0.187500 0.250000
33 0.253125 0.785937 0.187500 0.250000
25 0.520312 0.503906 0.187500 0.250000
5 0.494531 0.735156 0.187500 0.250000
29 0.246875 0.187500 0.187500 0.250000
14 0.679688 0.477344 0.187500 0.250000
23 0.252344 0.471875 0.187500 0.250000
30 0.470313 0.259375 0.187500 0.250000
31 0.127344 0.631250 0.187500 0.250000
27 0.831250 0.874219 0.187500 0.250000
17 0.821094 0.271094 0.187500 0.250000
21 0.653906 0.707031 0.187500 0.250000
29 0.825000 0.583594 0.187500 0.250000
