20 0.097656 0.628125 0.187500 0.250000
33 0.582031 0.482031 0.187500 0.250000
21 0.147656 0.422656 0.187500 0.250000
3 0.240625 0.216406 0.187500 0.250000
9 0.717969 0.743750 0.187500 0.250000
0 0.703906 0.175781 0.187500 0.250000
11 0.254688 0.789844 0.187500 0.250000
28 0.870313 0.708594 0.187500 0.250000
6 0.746094 0.458594 0.187500 0.250000
3 0.410938 0.502344 0.187500 0.250000
24 0.395313 0.173437 0.187500 0.250000
29 0.458594 0.799219 0.187500 0.250000
24 0.857812 0.224219 0.187500 0.250000
