20 0.710938 0.700781 0.187500 0.250000
1 0.451562 0.843750 0.187500 0.250000
29 0.350781 0.513281 0.187500 0.250000
8 0.271875 0.727344 0.187500 0.250000
16 0.587500 0.218750 0.187500 0.250000
0 0.117969 0.539844 0.187500 0.250000
29 0.788281 0.408594 0.187500 0.250000
12 0.767188 0.125781 0.187500 0.250000
23 0.409375 0.293750 0.187500 0.250000
10 0.247656 0.310156 0.187500 0.250000
7 0.897656 0.262500 0.187500 0.250000
28 0.107813 0.807031 0.187500 0.250000
33 0.587500 0.494531 0.187500 0.250000
11 0.848437 0.785937 0.187500 0.250000
