16 0.221875 0.484375 0.187500 0.250000
33 0.200781 0.777344 0.187500 0.250000
20 0.663281 0.640625 0.187500 0.250000
19 0.538281 0.171875 0.187500 0.250000
10 0.493750 0.803906 0.187500 0.250000
27 0.742969 0.846094 0.187500 0.250000
33 0.409375 0.630469 0.187500 0.250000
29 0.856250 0.540625 0.187500 0.250000
24 0.307031 0.135156 0.187500 0.250000
8 0.712500 0.396094 0.187500 0.250000
5 0.110937 0.245312 0.187500 0.250000
0 0.796094 0.189844 0.187500 0.250000
19 0.901563 0.844531 0.187500 0.250000
22 0.436719 0.357812 0.187500 0.250000
