31 0.706250 0.486719 0.187500 0.250000
5 0.263281 0.648438 0.187500 0.250000
29 0.557813 0.580469 0.187500 0.250000
20 0.575000 0.303906 0.187500 0.250000
16 0.721875 0.142969 0.187500 0.250000
14 0.427344 0.800000 0.187500 0.250000
2 0.319531 0.232813 0.187500 0.250000
28 0.162500 0.246875 0.187500 0.250000
32 0.889844 0.817187 0.187500 0.250000
15 0.098437 0.517969 0.187500 0.250000
32 0.692187 0.728906 0.187500 0.250000
15 0.838281 0.273438 0.187500 0.250000
25 0.839063 0.625781 0.187500 0.250000
16 0.400000 0.440625 0.187500 0.250000
