5 0.429688 0.867188 0.187500 0.250000
20 0.503125 0.199219 0.187500 0.250000
26 0.862500 0.834375 0.187500 0.250000
7 0.467969 0.611719 0.187500 0.250000
32 0.903125 0.607031 0.187500 0.250000
15 0.348438 0.377344 0.187500 0.250000
22 0.295312 0.611719 0.187500 0.250000
2 0.707812 0.657031 0.187500 0.250000
0 0.132812 0.557813 0.187500 0.250000
9 0.193750 0.256250 0.187500 0.250000
26 0.268750 0.821094 0.187500 0.250000
4 0.590625 0.452344 0.187500 0.250000
27 0.756250 0.314063 0.187500 0.250000
15 0.682031 0.870313 0.187500 0.250000
