26 0.117969 0.473438 0.187500 0.250000
32 0.503906 0.471875 0.187500 0.250000
10 0.391406 0.827344 0.187500 0.250000
15 0.677344 0.267969 0.187500 0.250000
15 0.781250 0.827344 0.187500 0.250000
9 0.561719 0.821875 0.187500 0.250000
17 0.190625 0.293750 0.187500 0.250000
15 0.806250 0.416406 0.187500 0.250000
4 0.404687 0.310156 0.187500 0.250000
20 0.666406 0.564063 0.187500 0.250000
2 0.196094 0.844531 0.187500 0.250000
5 0.830469 0.156250 0.187500 0.250000
17 0.295312 0.523438 0.187500 0.250000
1 0.540625 0.144531 0.187500 0.250000
