32 0.698438 0.572656 0.187500 0.250000
26 0.125000 0.176563 0.187500 0.250000
12 0.478906 0.178125 0.187500 0.250000
20 0.898438 0.795312 0.187500 0.250000
27 0.825000 0.323437 0.187500 0.250000
3 0.145313 0.520312 0.187500 0.250000
4 0.336719 0.664844 0.187500 0.250000
18 0.901563 0.574219 0.187500 0.250000
18 0.625781 0.367969 0.187500 0.250000
33 0.757031 0.129688 0.187500 0.250000
9 0.616406 0.830469 0.187500 0.250000
23 0.407031 0.432812 0.187500 0.250000
16 0.501563 0.633594 0.187500 0.250000
16 0.098437 0.775000 0.187500 0.250000
