11 0.375781 0.442969 0.187500 0.250000
6 0.865625 0.610156 0.187500 0.250000
21 0.103906 0.774219 0.187500 0.250000
15 0.589844 0.364063 0.187500 0.250000
22 0.729688 0.281250 0.187500 0.250000
2 0.585156 0.626563 0.187500 0.250000
8 0.407031 0.810156 0.187500 0.250000
4 0.650781 0.808594 0.187500 0.250000
16 0.879687 0.825781 0.187500 0.250000
5 0.198437 0.578125 0.187500 0.250000
3 0.219531 0.194531 0.187500 0.250000
15 0.447656 0.210156 0.187500 0.250000
5 0.609375 0.125781 0.187500 0.250000
