30 0.290625 0.764844 0.187500 0.250000
12 0.560156 0.757031 0.187500 0.250000
11 0.904687 0.291406 0.187500 0.250000
25 0.175781 0.253125 0.187500 0.250000
17 0.882812 0.545312 0.187500 0.250000
2 0.375000 0.378125 0.187500 0.250000
32 0.423438 0.627344 0.187500 0.250000
19 0.549219 0.328906 0.187500 0.250000
11 0.146094 0.856250 0.187500 0.250000
7 0.751563 0.142969 0.187500 0.250000
33 0.808594 0.773438 0.187500 0.250000
30 0.407031 0.168750 0.187500 0.250000
22 0.149219 0.543750 0.187500 0.250000
22 0.600000 0.532031 0.187500 0.250000
