29 0.611719 0.799219 0.187500 0.250000
4 0.771875 0.224219 0.187500 0.250000
25 0.504687 0.483594 0.187500 0.250000
25 0.110937 0.375000 0.187500 0.250000
11 0.341406 0.591406 0.187500 0.250000
18 0.298438 0.830469 0.187500 0.250000
19 0.775000 0.773438 0.187500 0.250000
31 0.289062 0.208594 0.187500 0.250000
20 0.439063 0.262500 0.187500 0.250000
27 0.716406 0.505469 0.187500 0.250000
30 0.153906 0.750000 0.187500 0.250000
7 0.607031 0.329688 0.187500 0.250000
16 0.453125 0.814844 0.187500 0.250000
