7 0.510938 0.389062 0.187500 0.250000
3 0.178906 0.653125 0.187500 0.250000
9 0.892188 0.587500 0.187500 0.250000
11 0.663281 0.817187 0.187500 0.250000
14 0.683594 0.392188 0.187500 0.250000
17 0.670312 0.169531 0.187500 0.250000
6 0.510156 0.626563 0.187500 0.250000
8 0.259375 0.194531 0.187500 0.250000
13 0.357812 0.520312 0.187500 0.250000
20 0.287500 0.837500 0.187500 0.250000
13 0.502344 0.874219 0.187500 0.250000
17 0.121875 0.396875 0.187500 0.250000
6 0.111719 0.844531 0.187500 0.250000
19 0.871875 0.281250 0.187500 0.250000
