16 0.131250 0.382812 0.187500 0.250000
16 0.435156 0.716406 0.187500 0.250000
7 0.592187 0.270313 0.187500 0.250000
15 0.879687 0.775781 0.187500 0.250000
3 0.417187 0.161719 0.187500 0.250000
7 0.395313 0.378125 0.187500 0.250000
13 0.731250 0.418750 0.187500 0.250000
19 0.903906 0.571875 0.187500 0.250000
10 0.649219 0.803125 0.187500 0.250000
16 0.297656 0.585938 0.187500 0.250000
0 0.758594 0.635156 0.187500 0.250000
4 0.242969 0.205469 0.187500 0.250000
14 0.323437 0.870313 0.187500 0.250000
29 0.832812 0.173437 0.187500 0.250000
