20 0.173437 0.353125 0.187500 0.250000
22 0.724219 0.390625 0.187500 0.250000
0 0.567969 0.214062 0.187500 0.250000
8 0.790625 0.166406 0.187500 0.250000
9 0.794531 0.752344 0.187500 0.250000
8 0.414062 0.246875 0.187500 0.250000
21 0.348438 0.773438 0.187500 0.250000
13 0.617969 0.568750 0.187500 0.250000
30 0.320312 0.496094 0.187500 0.250000
3 0.097656 0.840625 0.187500 0.250000
11 0.577344 0.854688 0.187500 0.250000
27 0.131250 0.548438 0.187500 0.250000
14 0.141406 0.156250 0.187500 0.250000
20 0.882031 0.578906 0.187500 0.250000
