11 0.457813 0.614062 0.187500 0.250000
17 0.226562 0.200781 0.187500 0.250000
16 0.186719 0.719531 0.187500 0.250000
29 0.578906 0.223438 0.187500 0.250000
2 0.757812 0.194531 0.187500 0.250000
0 0.802344 0.671875 0.187500 0.250000
21 0.104688 0.345313 0.187500 0.250000
18 0.609375 0.859375 0.187500 0.250000
9 0.335938 0.389062 0.187500 0.250000
20 0.760938 0.478125 0.187500 0.250000
20 0.639062 0.627344 0.187500 0.250000
6 0.328906 0.847656 0.187500 0.250000
24 0.404687 0.181250 0.187500 0.250000
