26 0.324219 0.487500 0.187500 0.250000
24 0.653125 0.210938 0.187500 0.250000
32 0.469531 0.846875 0.187500 0.250000
13 0.121875 0.789844 0.187500 0.250000
28 0.496875 0.250000 0.187500 0.250000
8 0.303125 0.217969 0.187500 0.250000
6 0.868750 0.840625 0.187500 0.250000
11 0.699219 0.752344 0.187500 0.250000
5 0.821875 0.157812 0.187500 0.250000
28 0.266406 0.732812 0.187500 0.250000
0 0.889844 0.470313 0.187500 0.250000
23 0.707031 0.485938 0.187500 0.250000
11 0.159375 0.278125 0.187500 0.250000
1 0.514844 0.481250 0.187500 0.250000
