3 0.528125 0.139844 0.187500 0.250000
26 0.853125 0.782813 0.187500 0.250000
11 0.523438 0.628906 0.187500 0.250000
32 0.782031 0.285938 0.187500 0.250000
28 0.139063 0.384375 0.187500 0.250000
2 0.104688 0.709375 0.187500 0.250000
8 0.493750 0.396875 0.187500 0.250000
24 0.169531 0.176563 0.187500 0.250000
5 0.424219 0.842187 0.187500 0.250000
29 0.763281 0.522656 0.187500 0.250000
9 0.264062 0.572656 0.187500 0.250000
32 0.357812 0.257812 0.187500 0.250000
14 0.659375 0.764062 0.187500 0.250000
