28 0.497656 0.861719 0.187500 0.250000
23 0.388281 0.291406 0.187500 0.250000
31 0.241406 0.389062 0.187500 0.250000
33 0.806250 0.205469 0.187500 0.250000
17 0.746094 0.567969 0.187500 0.250000
20 0.346875 0.745313 0.187500 0.250000
7 0.657031 0.843750 0.187500 0.250000
17 0.500000 0.534375 0.187500 0.250000
0 0.542969 0.282813 0.187500 0.250000
11 0.107031 0.205469 0.187500 0.250000
20 0.176563 0.764844 0.187500 0.250000
27 0.696094 0.375000 0.187500 0.250000
6 0.895312 0.864062 0.187500 0.250000
