13 0.573438 0.132031 0.187500 0.250000
4 0.804688 0.375781 0.187500 0.250000
32 0.745313 0.853125 0.187500 0.250000
22 0.304688 0.447656 0.187500 0.250000
12 0.535937 0.703906 0.187500 0.250000
16 0.427344 0.279687 0.187500 0.250000
10 0.635938 0.508594 0.187500 0.250000
6 0.198437 0.229687 0.187500 0.250000
10 0.896875 0.128906 0.187500 0.250000
1 0.418750 0.848437 0.187500 0.250000
25 0.300000 0.668750 0.187500 0.250000
31 0.148438 0.644531 0.187500 0.250000
19 0.846094 0.577344 0.187500 0.250000
32 0.107031 0.392188 0.187500 0.250000
