14 0.383594 0.547656 0.187500 0.250000
4 0.682031 0.686719 0.187500 0.250000
31 0.729688 0.238281 0.187500 0.250000
0 0.836719 0.506250 0.187500 0.250000
9 0.166406 0.480469 0.187500 0.250000
25 0.354687 0.307812 0.187500 0.250000
23 0.564844 0.503906 0.187500 0.250000
25 0.857812 0.742188 0.187500 0.250000
26 0.093750 0.710156 0.187500 0.250000
19 0.315625 0.795312 0.187500 0.250000
27 0.485156 0.735156 0.187500 0.250000
9 0.473438 0.153125 0.187500 0.250000
28 0.132031 0.128125 0.187500 0.250000
