27 0.790625 0.287500 0.187500 0.250000
20 0.261719 0.210938 0.187500 0.250000
2 0.760938 0.662500 0.187500 0.250000
19 0.602344 0.214844 0.187500 0.250000
19 0.485156 0.708594 0.187500 0.250000
29 0.684375 0.859375 0.187500 0.250000
7 0.232813 0.839063 0.187500 0.250000
25 0.900000 0.747656 0.187500 0.250000
21 0.317969 0.446875 0.187500 0.250000
27 0.612500 0.537500 0.187500 0.250000
10 0.860938 0.480469 0.187500 0.250000
5 0.133594 0.620313 0.187500 0.250000
24 0.102344 0.416406 0.187500 0.250000
