12 0.881250 0.842187 0.187500 0.250000
2 0.157031 0.772656 0.187500 0.250000
12 0.175000 0.385937 0.187500 0.250000
3 0.333594 0.750781 0.187500 0.250000
16 0.355469 0.484375 0.187500 0.250000
33 0.696875 0.342969 0.187500 0.250000
0 0.515625 0.607812 0.187500 0.250000
16 0.513281 0.350000 0.187500 0.250000
25 0.502344 0.812500 0.187500 0.250000
11 0.876563 0.310156 0.187500 0.250000
6 0.603906 0.153906 0.187500 0.250000
0 0.276562 0.218750 0.187500 0.250000
25 0.678906 0.818750 0.187500 0.250000
31 0.712500 0.621094 0.187500 0.250000
