9 0.807031 0.202344 0.187500 0.250000
30 0.699219 0.452344 0.187500 0.250000
14 0.500781 0.698438 0.187500 0.250000
15 0.139063 0.494531 0.187500 0.250000
13 0.853125 0.661719 0.187500 0.250000
7 0.256250 0.660156 0.187500 0.250000
31 0.235156 0.277344 0.187500 0.250000
30 0.342187 0.427344 0.187500 0.250000
25 0.546094 0.421875 0.187500 0.250000
10 0.429688 0.239063 0.187500 0.250000
33 0.637500 0.869531 0.187500 0.250000
24 0.876563 0.462500 0.187500 0.250000
28 0.892188 0.871875 0.187500 0.250000
12 0.646875 0.143750 0.187500 0.250000
