18 0.305469 0.714844 0.187500 0.250000
20 0.585156 0.346875 0.187500 0.250000
10 0.610938 0.582812 0.187500 0.250000
21 0.485938 0.737500 0.187500 0.250000
4 0.778906 0.185938 0.187500 0.250000
21 0.283594 0.156250 0.187500 0.250000
22 0.148438 0.554688 0.187500 0.250000
17 0.805469 0.525000 0.187500 0.250000
21 0.155469 0.332031 0.187500 0.250000
19 0.557031 0.125781 0.187500 0.250000
5 0.896875 0.707031 0.187500 0.250000
27 0.385937 0.527344 0.187500 0.250000
27 0.429688 0.234375 0.187500 0.250000
18 0.723437 0.781250 0.187500 0.250000
