18 0.492188 0.621094 0.187500 0.250000
16 0.203906 0.689844 0.187500 0.250000
23 0.192188 0.203906 0.187500 0.250000
30 0.719531 0.382031 0.187500 0.250000
6 0.827344 0.671875 0.187500 0.250000
10 0.456250 0.363281 0.187500 0.250000
12 0.648438 0.145313 0.187500 0.250000
29 0.573438 0.820312 0.187500 0.250000
11 0.411719 0.151562 0.187500 0.250000
21 0.864062 0.171094 0.187500 0.250000
29 0.136719 0.403125 0.187500 0.250000
1 0.785156 0.872656 0.187500 0.250000
18 0.291406 0.405469 0.187500 0.250000
