8 0.175781 0.621094 0.187500 0.250000
25 0.263281 0.257031 0.187500 0.250000
8 0.776563 0.762500 0.187500 0.250000
15 0.905469 0.151562 0.187500 0.250000
0 0.094531 0.823438 0.187500 0.250000
16 0.891406 0.382031 0.187500 0.250000
8 0.588281 0.205469 0.187500 0.250000
13 0.698438 0.383594 0.187500 0.250000
15 0.539062 0.789844 0.187500 0.250000
2 0.432031 0.582812 0.187500 0.250000
13 0.268750 0.807813 0.187500 0.250000
8 0.425000 0.249219 0.187500 0.250000
30 0.903125 0.602344 0.187500 0.250000
4 0.552344 0.453125 0.187500 0.250000
