31 0.677344 0.654687 0.187500 0.250000
19 0.371094 0.792188 0.187500 0.250000
26 0.199219 0.793750 0.187500 0.250000
0 0.803906 0.288281 0.187500 0.250000
16 0.467969 0.515625 0.187500 0.250000
15 0.270313 0.441406 0.187500 0.250000
23 0.218750 0.196875 0.187500 0.250000
12 0.856250 0.489844 0.187500 0.250000
2 0.905469 0.747656 0.187500 0.250000
17 0.653125 0.356250 0.187500 0.250000
13 0.486719 0.244531 0.187500 0.250000
27 0.117969 0.602344 0.187500 0.250000
24 0.556250 0.854688 0.187500 0.250000
