13 0.889844 0.292187 0.187500 0.250000
27 0.260156 0.398438 0.187500 0.250000
0 0.112500 0.552344 0.187500 0.250000
20 0.785937 0.699219 0.187500 0.250000
1 0.328906 0.807813 0.187500 0.250000
33 0.453906 0.446875 0.187500 0.250000
1 0.279687 0.174219 0.187500 0.250000
19 0.625000 0.403125 0.187500 0.250000
17 0.603125 0.807031 0.187500 0.250000
31 0.099219 0.271094 0.187500 0.250000
24 0.473438 0.228906 0.187500 0.250000
8 0.266406 0.608594 0.187500 0.250000
8 0.733594 0.146875 0.187500 0.250000
20 0.172656 0.792969 0.187500 0.250000
