23 0.542969 0.313281 0.187500 0.250000
9 0.853125 0.582812 0.187500 0.250000
19 0.094531 0.235156 0.187500 0.250000
24 0.563281 0.520312 0.187500 0.250000
12 0.317969 0.273438 0.187500 0.250000
8 0.855469 0.267969 0.187500 0.250000
12 0.532813 0.856250 0.187500 0.250000
30 0.806250 0.843750 0.187500 0.250000
27 0.141406 0.460938 0.187500 0.250000
14 0.310156 0.872656 0.187500 0.250000
18 0.671094 0.675781 0.187500 0.250000
0 0.242188 0.624219 0.187500 0.250000
9 0.701562 0.151562 0.187500 0.250000
28 0.706250 0.389062 0.187500 0.250000
