20 0.144531 0.485156 0.187500 0.250000
23 0.508594 0.647656 0.187500 0.250000
23 0.308594 0.717187 0.187500 0.250000
18 0.315625 0.175000 0.187500 0.250000
2 0.660156 0.755469 0.187500 0.250000
16 0.532813 0.353125 0.187500 0.250000
17 0.679688 0.307812 0.187500 0.250000
31 0.109375 0.792969 0.187500 0.250000
24 0.308594 0.456250 0.187500 0.250000
27 0.787500 0.502344 0.187500 0.250000
1 0.762500 0.132031 0.187500 0.250000
21 0.136719 0.270313 0.187500 0.250000
10 0.798438 0.839063 0.187500 0.250000
31 0.556250 0.129688 0.187500 0.250000
