12 0.346875 0.649219 0.187500 0.250000
13 0.680469 0.696875 0.187500 0.250000
10 0.549219 0.808594 0.187500 0.250000
11 0.576562 0.283594 0.187500 0.250000
13 0.883594 0.325781 0.187500 0.250000
27 0.164844 0.572656 0.187500 0.250000
5 0.260156 0.293750 0.187500 0.250000
23 0.817969 0.858594 0.187500 0.250000
4 0.402344 0.460156 0.187500 0.250000
2 0.430469 0.214062 0.187500 0.250000
5 0.881250 0.640625 0.187500 0.250000
6 0.728125 0.449219 0.187500 0.250000
15 0.297656 0.839063 0.187500 0.250000
32 0.803906 0.151562 0.187500 0.250000
