32 0.307812 0.487500 0.187500 0.250000
6 0.513281 0.835938 0.187500 0.250000
26 0.876563 0.850000 0.187500 0.250000
11 0.905469 0.300000 0.187500 0.250000
3 0.707031 0.649219 0.187500 0.250000
8 0.739062 0.385156 0.187500 0.250000
11 0.698438 0.185156 0.187500 0.250000
2 0.168750 0.849219 0.187500 0.250000
6 0.189062 0.238281 0.187500 0.250000
6 0.472656 0.622656 0.187500 0.250000
22 0.302344 0.755469 0.187500 0.250000
3 0.878906 0.525781 0.187500 0.250000
22 0.458594 0.343750 0.187500 0.250000
31 0.146875 0.647656 0.187500 0.250000
