2 0.816406 0.131250 0.187500 0.250000
26 0.377344 0.203906 0.187500 0.250000
9 0.853906 0.543750 0.187500 0.250000
30 0.101562 0.346875 0.187500 0.250000
19 0.228125 0.639844 0.187500 0.250000
0 0.602344 0.534375 0.187500 0.250000
8 0.432812 0.764062 0.187500 0.250000
23 0.654687 0.780469 0.187500 0.250000
18 0.530469 0.341406 0.187500 0.250000
29 0.799219 0.356250 0.187500 0.250000
2 0.619531 0.158594 0.187500 0.250000
31 0.360938 0.457031 0.187500 0.250000
5 0.203125 0.841406 0.187500 0.250000
23 0.892188 0.781250 0.187500 0.250000
