9 0.449219 0.220312 0.187500 0.250000
16 0.828906 0.470313 0.187500 0.250000
31 0.102344 0.688281 0.187500 0.250000
25 0.795312 0.223438 0.187500 0.250000
1 0.717187 0.748437 0.187500 0.250000
24 0.215625 0.208594 0.187500 0.250000
18 0.175781 0.507812 0.187500 0.250000
10 0.336719 0.610938 0.187500 0.250000
1 0.490625 0.463281 0.187500 0.250000
15 0.466406 0.810156 0.187500 0.250000
5 0.642188 0.509375 0.187500 0.250000
25 0.617188 0.127344 0.187500 0.250000
17 0.904687 0.653125 0.187500 0.250000
7 0.320312 0.409375 0.187500 0.250000
