18 0.239844 0.222656 0.187500 0.250000
17 0.385937 0.370312 0.187500 0.250000
22 0.094531 0.144531 0.187500 0.250000
11 0.790625 0.722656 0.187500 0.250000
7 0.422656 0.717969 0.187500 0.250000
24 0.556250 0.411719 0.187500 0.250000
18 0.892969 0.266406 0.187500 0.250000
9 0.145313 0.719531 0.187500 0.250000
1 0.624219 0.798438 0.187500 0.250000
29 0.485938 0.185156 0.187500 0.250000
0 0.310937 0.546875 0.187500 0.250000
14 0.268750 0.858594 0.187500 0.250000
10 0.733594 0.141406 0.187500 0.250000
27 0.722656 0.470313 0.187500 0.250000
