17 0.353906 0.335938 0.187500 0.250000
31 0.104688 0.613281 0.187500 0.250000
30 0.099219 0.163281 0.187500 0.250000
7 0.615625 0.253125 0.187500 0.250000
24 0.608594 0.785937 0.187500 0.250000
2 0.703906 0.527344 0.187500 0.250000
3 0.294531 0.714063 0.187500 0.250000
23 0.862500 0.684375 0.187500 0.250000
26 0.796094 0.353125 0.187500 0.250000
21 0.459375 0.631250 0.187500 0.250000
1 0.266406 0.142969 0.187500 0.250000
22 0.197656 0.380469 0.187500 0.250000
15 0.782813 0.142969 0.187500 0.250000
0 0.422656 0.135156 0.187500 0.250000
