5 0.889844 0.311719 0.187500 0.250000
3 0.350000 0.596094 0.187500 0.250000
28 0.490625 0.428906 0.187500 0.250000
5 0.538281 0.650000 0.187500 0.250000
25 0.706250 0.872656 0.187500 0.250000
8 0.208594 0.682813 0.187500 0.250000
33 0.233594 0.207031 0.187500 0.250000
12 0.107031 0.857031 0.187500 0.250000
15 0.692969 0.312500 0.187500 0.250000
19 0.575781 0.131250 0.187500 0.250000
19 0.716406 0.580469 0.187500 0.250000
12 0.871094 0.519531 0.187500 0.250000
10 0.403906 0.128906 0.187500 0.250000
19 0.389844 0.819531 0.187500 0.250000
