12 0.289844 0.206250 0.187500 0.250000
12 0.471094 0.843750 0.187500 0.250000
11 0.292187 0.504687 0.187500 0.250000
13 0.475781 0.300000 0.187500 0.250000
10 0.276562 0.751563 0.187500 0.250000
8 0.107031 0.382812 0.187500 0.250000
8 0.775000 0.534375 0.187500 0.250000
0 0.525781 0.608594 0.187500 0.250000
0 0.669531 0.867969 0.187500 0.250000
14 0.734375 0.252344 0.187500 0.250000
27 0.824219 0.814844 0.187500 0.250000
23 0.125000 0.622656 0.187500 0.250000
29 0.903906 0.150000 0.187500 0.250000
25 0.618750 0.427344 0.187500 0.250000
