20 0.282031 0.224219 0.187500 0.250000
33 0.892969 0.651563 0.187500 0.250000
28 0.508594 0.744531 0.187500 0.250000
1 0.530469 0.485938 0.187500 0.250000
20 0.146094 0.768750 0.187500 0.250000
30 0.672656 0.769531 0.187500 0.250000
19 0.904687 0.312500 0.187500 0.250000
7 0.342969 0.435156 0.187500 0.250000
13 0.759375 0.399219 0.187500 0.250000
1 0.167969 0.459375 0.187500 0.250000
22 0.493750 0.277344 0.187500 0.250000
32 0.649219 0.207813 0.187500 0.250000
33 0.336719 0.815625 0.187500 0.250000
