0 0.229687 0.504687 0.187500 0.250000
3 0.526563 0.796875 0.187500 0.250000
6 0.597656 0.532813 0.187500 0.250000
29 0.582812 0.197656 0.187500 0.250000
27 0.432031 0.523438 0.187500 0.250000
23 0.346094 0.803906 0.187500 0.250000
8 0.119531 0.230469 0.187500 0.250000
1 0.749219 0.252344 0.187500 0.250000
10 0.770312 0.861719 0.187500 0.250000
20 0.798438 0.623437 0.187500 0.250000
28 0.328906 0.232031 0.187500 0.250000
30 0.179688 0.784375 0.187500 0.250000
29 0.871094 0.381250 0.187500 0.250000
