4 0.760156 0.497656 0.187500 0.250000
23 0.248438 0.433594 0.187500 0.250000
2 0.422656 0.378125 0.187500 0.250000
1 0.866406 0.167969 0.187500 0.250000
12 0.577344 0.195312 0.187500 0.250000
14 0.662500 0.745313 0.187500 0.250000
21 0.176563 0.213281 0.187500 0.250000
20 0.521094 0.828906 0.187500 0.250000
24 0.167187 0.624219 0.187500 0.250000
12 0.392969 0.630469 0.187500 0.250000
17 0.901563 0.757031 0.187500 0.250000
4 0.332031 0.209375 0.187500 0.250000
5 0.225000 0.821094 0.187500 0.250000
26 0.712500 0.296094 0.187500 0.250000
