3 0.713281 0.750781 0.187500 0.250000
30 0.282031 0.535156 0.187500 0.250000
10 0.356250 0.138281 0.187500 0.250000
29 0.827344 0.447656 0.187500 0.250000
6 0.551562 0.148438 0.187500 0.250000
4 0.233594 0.731250 0.187500 0.250000
3 0.574219 0.357031 0.187500 0.250000
6 0.814063 0.244531 0.187500 0.250000
15 0.357812 0.850781 0.187500 0.250000
33 0.182031 0.142187 0.187500 0.250000
18 0.094531 0.326562 0.187500 0.250000
21 0.885938 0.770312 0.187500 0.250000
12 0.482812 0.695312 0.187500 0.250000
4 0.420312 0.432031 0.187500 0.250000
