31 0.624219 0.132031 0.187500 0.250000
13 0.796094 0.703125 0.187500 0.250000
12 0.304688 0.619531 0.187500 0.250000
7 0.643750 0.382031 0.187500 0.250000
27 0.571094 0.796094 0.187500 0.250000
27 0.189844 0.820312 0.187500 0.250000
26 0.276562 0.403906 0.187500 0.250000
33 0.199219 0.231250 0.187500 0.250000
21 0.851562 0.321875 0.187500 0.250000
33 0.471094 0.377344 0.187500 0.250000
29 0.391406 0.795312 0.187500 0.250000
17 0.096094 0.546094 0.187500 0.250000
9 0.485156 0.598437 0.187500 0.250000
