22 0.234375 0.593750 0.187500 0.250000
26 0.517969 0.275000 0.187500 0.250000
29 0.777344 0.168750 0.187500 0.250000
9 0.624219 0.471094 0.187500 0.250000
15 0.839844 0.387500 0.187500 0.250000
27 0.339062 0.779687 0.187500 0.250000
0 0.800781 0.678125 0.187500 0.250000
29 0.620313 0.812500 0.187500 0.250000
12 0.355469 0.281250 0.187500 0.250000
22 0.160938 0.374219 0.187500 0.250000
2 0.126562 0.789062 0.187500 0.250000
6 0.450781 0.614844 0.187500 0.250000
31 0.898438 0.846875 0.187500 0.250000
