31 0.735156 0.239063 0.187500 0.250000
0 0.902344 0.241406 0.187500 0.250000
26 0.312500 0.872656 0.187500 0.250000
1 0.563281 0.579688 0.187500 0.250000
5 0.535156 0.250000 0.187500 0.250000
3 0.795312 0.537500 0.187500 0.250000
18 0.121094 0.479687 0.187500 0.250000
18 0.782813 0.794531 0.187500 0.250000
3 0.428125 0.427344 0.187500 0.250000
11 0.421875 0.657813 0.187500 0.250000
3 0.117969 0.222656 0.187500 0.250000
15 0.184375 0.757812 0.187500 0.250000
29 0.284375 0.205469 0.187500 0.250000
5 0.274219 0.473438 0.187500 0.250000
