30 0.491406 0.866406 0.187500 0.250000
6 0.362500 0.500000 0.187500 0.250000
33 0.150781 0.177344 0.187500 0.250000
27 0.750781 0.441406 0.187500 0.250000
24 0.336719 0.260156 0.187500 0.250000
1 0.639844 0.592969 0.187500 0.250000
1 0.185938 0.818750 0.187500 0.250000
26 0.120313 0.598437 0.187500 0.250000
31 0.522656 0.329688 0.187500 0.250000
8 0.897656 0.560156 0.187500 0.250000
0 0.812500 0.168750 0.187500 0.250000
30 0.196875 0.407031 0.187500 0.250000
7 0.651563 0.814844 0.187500 0.250000
1 0.816406 0.844531 0.187500 0.250000
