25 0.192188 0.286719 0.187500 0.250000
22 0.895312 0.837500 0.187500 0.250000
31 0.210938 0.642188 0.187500 0.250000
9 0.503906 0.160938 0.187500 0.250000
16 0.571875 0.751563 0.187500 0.250000
30 0.899219 0.382812 0.187500 0.250000
1 0.726562 0.437500 0.187500 0.250000
5 0.707812 0.200781 0.187500 0.250000
4 0.468750 0.489063 0.187500 0.250000
10 0.714844 0.865625 0.187500 0.250000
2 0.785937 0.631250 0.187500 0.250000
15 0.294531 0.454688 0.187500 0.250000
12 0.353125 0.789062 0.187500 0.250000
22 0.896094 0.161719 0.187500 0.250000
