17 0.701562 0.372656 0.187500 0.250000
7 0.200000 0.831250 0.187500 0.250000
12 0.215625 0.575000 0.187500 0.250000
2 0.106250 0.320312 0.187500 0.250000
3 0.892188 0.426563 0.187500 0.250000
18 0.435937 0.717187 0.187500 0.250000
0 0.872656 0.153906 0.187500 0.250000
29 0.595313 0.625000 0.187500 0.250000
8 0.808594 0.646875 0.187500 0.250000
31 0.422656 0.400781 0.187500 0.250000
0 0.634375 0.154688 0.187500 0.250000
27 0.780469 0.855469 0.187500 0.250000
10 0.267969 0.203125 0.187500 0.250000
