28 0.210156 0.242188 0.187500 0.250000
9 0.431250 0.721875 0.187500 0.250000
21 0.607812 0.378125 0.187500 0.250000
27 0.257812 0.832031 0.187500 0.250000
26 0.169531 0.649219 0.187500 0.250000
11 0.843750 0.479687 0.187500 0.250000
15 0.588281 0.748437 0.187500 0.250000
18 0.381250 0.287500 0.187500 0.250000
8 0.104688 0.400000 0.187500 0.250000
24 0.320312 0.574219 0.187500 0.250000
3 0.550781 0.128906 0.187500 0.250000
7 0.839063 0.249219 0.187500 0.250000
0 0.743750 0.734375 0.187500 0.250000
