21 0.745313 0.275781 0.187500 0.250000
29 0.146875 0.515625 0.187500 0.250000
4 0.882812 0.627344 0.187500 0.250000
24 0.193750 0.279687 0.187500 0.250000
10 0.543750 0.351562 0.187500 0.250000
14 0.410156 0.518750 0.187500 0.250000
0 0.447656 0.764844 0.187500 0.250000
12 0.346094 0.230469 0.187500 0.250000
17 0.098437 0.864062 0.187500 0.250000
26 0.889062 0.212500 0.187500 0.250000
7 0.728125 0.813281 0.187500 0.250000
21 0.647656 0.589063 0.187500 0.250000
15 0.566406 0.137500 0.187500 0.250000
30 0.253906 0.705469 0.187500 0.250000
