30 0.623437 0.299219 0.187500 0.250000
8 0.318750 0.739844 0.187500 0.250000
24 0.726562 0.714063 0.187500 0.250000
25 0.193750 0.523438 0.187500 0.250000
0 0.865625 0.871094 0.187500 0.250000
17 0.746094 0.495312 0.187500 0.250000
0 0.161719 0.872656 0.187500 0.250000
27 0.131250 0.268750 0.187500 0.250000
27 0.439844 0.167969 0.187500 0.250000
15 0.876563 0.327344 0.187500 0.250000
1 0.455469 0.652344 0.187500 0.250000
27 0.383594 0.410156 0.187500 0.250000
16 0.886719 0.670312 0.187500 0.250000
33 0.533594 0.469531 0.187500 0.250000
