9 0.592969 0.559375 0.187500 0.250000
6 0.759375 0.178906 0.187500 0.250000
28 0.125000 0.322656 0.187500 0.250000
7 0.476562 0.399219 0.187500 0.250000
22 0.788281 0.544531 0.187500 0.250000
18 0.326562 0.438281 0.187500 0.250000
27 0.164062 0.723437 0.187500 0.250000
7 0.476562 0.785156 0.187500 0.250000
15 0.892969 0.385937 0.187500 0.250000
8 0.685156 0.872656 0.187500 0.250000
6 0.446875 0.200000 0.187500 0.250000
31 0.229687 0.165625 0.187500 0.250000
33 0.853906 0.838281 0.187500 0.250000
