9 0.351562 0.287500 0.187500 0.250000
12 0.143750 0.780469 0.187500 0.250000
4 0.732812 0.842187 0.187500 0.250000
9 0.862500 0.285938 0.187500 0.250000
11 0.661719 0.523438 0.187500 0.250000
18 0.164844 0.486719 0.187500 0.250000
3 0.300000 0.774219 0.187500 0.250000
0 0.128125 0.167969 0.187500 0.250000
12 0.499219 0.833594 0.187500 0.250000
32 0.523438 0.619531 0.187500 0.250000
3 0.550781 0.378906 0.187500 0.250000
9 0.859375 0.533594 0.187500 0.250000
23 0.588281 0.143750 0.187500 0.250000
