7 0.203125 0.448437 0.187500 0.250000
15 0.434375 0.588281 0.187500 0.250000
8 0.489844 0.180469 0.187500 0.250000
6 0.730469 0.602344 0.187500 0.250000
2 0.313281 0.211719 0.187500 0.250000
17 0.257031 0.798438 0.187500 0.250000
19 0.835938 0.165625 0.187500 0.250000
30 0.627344 0.853906 0.187500 0.250000
14 0.422656 0.834375 0.187500 0.250000
7 0.630469 0.345313 0.187500 0.250000
30 0.099219 0.848437 0.187500 0.250000
19 0.142969 0.171875 0.187500 0.250000
11 0.866406 0.801562 0.187500 0.250000
