32 0.886719 0.271875 0.187500 0.250000
33 0.552344 0.417187 0.187500 0.250000
5 0.802344 0.667969 0.187500 0.250000
25 0.307031 0.482031 0.187500 0.250000
6 0.150000 0.593750 0.187500 0.250000
29 0.473438 0.612500 0.187500 0.250000
3 0.255469 0.232813 0.187500 0.250000
0 0.768750 0.463281 0.187500 0.250000
9 0.325000 0.853125 0.187500 0.250000
1 0.562500 0.864062 0.187500 0.250000
10 0.112500 0.145313 0.187500 0.250000
0 0.764062 0.875000 0.187500 0.250000
5 0.703906 0.135937 0.187500 0.250000
22 0.433594 0.232031 0.187500 0.250000
