0 0.126562 0.742969 0.187500 0.250000
20 0.363281 0.210938 0.187500 0.250000
6 0.592969 0.545312 0.187500 0.250000
12 0.200000 0.303906 0.187500 0.250000
33 0.623437 0.187500 0.187500 0.250000
17 0.689844 0.855469 0.187500 0.250000
25 0.725000 0.381250 0.187500 0.250000
16 0.278906 0.758594 0.187500 0.250000
20 0.275000 0.544531 0.187500 0.250000
0 0.538281 0.738281 0.187500 0.250000
26 0.813281 0.210156 0.187500 0.250000
5 0.889062 0.400781 0.187500 0.250000
16 0.485156 0.359375 0.187500 0.250000
16 0.902344 0.842969 0.187500 0.250000
