21 0.648438 0.854688 0.187500 0.250000
7 0.233594 0.618750 0.187500 0.250000
16 0.416406 0.740625 0.187500 0.250000
8 0.284375 0.162500 0.187500 0.250000
27 0.530469 0.333594 0.187500 0.250000
2 0.881250 0.213281 0.187500 0.250000
0 0.183594 0.346875 0.187500 0.250000
2 0.598437 0.584375 0.187500 0.250000
29 0.802344 0.425781 0.187500 0.250000
25 0.404687 0.532813 0.187500 0.250000
0 0.610156 0.140625 0.187500 0.250000
8 0.796875 0.710156 0.187500 0.250000
20 0.120313 0.764844 0.187500 0.250000
