8 0.596875 0.485156 0.187500 0.250000
2 0.221875 0.399219 0.187500 0.250000
33 0.382031 0.131250 0.187500 0.250000
9 0.760156 0.643750 0.187500 0.250000
4 0.403906 0.404687 0.187500 0.250000
29 0.751563 0.178906 0.187500 0.250000
24 0.185938 0.842969 0.187500 0.250000
0 0.378906 0.767969 0.187500 0.250000
1 0.557813 0.241406 0.187500 0.250000
19 0.535937 0.717969 0.187500 0.250000
11 0.893750 0.407031 0.187500 0.250000
25 0.803906 0.835938 0.187500 0.250000
24 0.198437 0.169531 0.187500 0.250000
