4 0.866406 0.788281 0.187500 0.250000
19 0.821094 0.316406 0.187500 0.250000
30 0.220312 0.597656 0.187500 0.250000
8 0.304688 0.178906 0.187500 0.250000
13 0.225781 0.838281 0.187500 0.250000
29 0.669531 0.355469 0.187500 0.250000
20 0.474219 0.607031 0.187500 0.250000
21 0.125000 0.308594 0.187500 0.250000
17 0.460156 0.359375 0.187500 0.250000
5 0.410156 0.867969 0.187500 0.250000
31 0.669531 0.686719 0.187500 0.250000
1 0.519531 0.172656 0.187500 0.250000
6 0.278125 0.400781 0.187500 0.250000
