21 0.514844 0.403125 0.187500 0.250000
8 0.425000 0.128125 0.187500 0.250000
31 0.599219 0.744531 0.187500 0.250000
16 0.821875 0.209375 0.187500 0.250000
29 0.171875 0.656250 0.187500 0.250000
18 0.799219 0.673438 0.187500 0.250000
4 0.412500 0.647656 0.187500 0.250000
32 0.097656 0.833594 0.187500 0.250000
29 0.202344 0.338281 0.187500 0.250000
27 0.652344 0.227344 0.187500 0.250000
4 0.700781 0.430469 0.187500 0.250000
21 0.734375 0.869531 0.187500 0.250000
11 0.337500 0.837500 0.187500 0.250000
13 0.897656 0.435937 0.187500 0.250000
