7 0.768750 0.249219 0.187500 0.250000
28 0.895312 0.662500 0.187500 0.250000
27 0.446875 0.743750 0.187500 0.250000
25 0.785156 0.859375 0.187500 0.250000
5 0.382031 0.346875 0.187500 0.250000
5 0.229687 0.662500 0.187500 0.250000
21 0.517188 0.158594 0.187500 0.250000
11 0.842969 0.428125 0.187500 0.250000
10 0.198437 0.383594 0.187500 0.250000
27 0.285938 0.871875 0.187500 0.250000
21 0.454688 0.528125 0.187500 0.250000
6 0.632031 0.641406 0.187500 0.250000
16 0.590625 0.406250 0.187500 0.250000
10 0.278125 0.174219 0.187500 0.250000
