28 0.512500 0.325781 0.187500 0.250000
9 0.454688 0.589063 0.187500 0.250000
31 0.817187 0.137500 0.187500 0.250000
19 0.308594 0.371094 0.187500 0.250000
7 0.623437 0.130469 0.187500 0.250000
12 0.824219 0.625000 0.187500 0.250000
24 0.175000 0.670312 0.187500 0.250000
15 0.534375 0.775781 0.187500 0.250000
0 0.877344 0.834375 0.187500 0.250000
26 0.199219 0.128906 0.187500 0.250000
23 0.122656 0.350000 0.187500 0.250000
7 0.338281 0.819531 0.187500 0.250000
29 0.383594 0.193750 0.187500 0.250000
23 0.785937 0.360156 0.187500 0.250000
