8 0.903125 0.847656 0.187500 0.250000
33 0.157812 0.225000 0.187500 0.250000
3 0.421094 0.652344 0.187500 0.250000
14 0.796875 0.596094 0.187500 0.250000
20 0.740625 0.792188 0.187500 0.250000
13 0.525000 0.271875 0.187500 0.250000
27 0.687500 0.166406 0.187500 0.250000
15 0.807813 0.383594 0.187500 0.250000
17 0.564063 0.566406 0.187500 0.250000
19 0.570312 0.863281 0.187500 0.250000
27 0.175781 0.520312 0.187500 0.250000
14 0.157812 0.767188 0.187500 0.250000
20 0.410156 0.854688 0.187500 0.250000
2 0.318750 0.289844 0.187500 0.250000
