23 0.160156 0.412500 0.187500 0.250000
17 0.487500 0.332031 0.187500 0.250000
22 0.614844 0.795312 0.187500 0.250000
5 0.834375 0.332813 0.187500 0.250000
10 0.643750 0.133594 0.187500 0.250000
1 0.735156 0.641406 0.187500 0.250000
29 0.295312 0.571875 0.187500 0.250000
8 0.341406 0.780469 0.187500 0.250000
17 0.185938 0.875000 0.187500 0.250000
7 0.485938 0.553906 0.187500 0.250000
28 0.859375 0.803125 0.187500 0.250000
22 0.211719 0.206250 0.187500 0.250000
27 0.629687 0.457813 0.187500 0.250000
9 0.095312 0.618750 0.187500 0.250000
