5 0.496875 0.686719 0.187500 0.250000
8 0.876563 0.719531 0.187500 0.250000
29 0.129688 0.459375 0.187500 0.250000
17 0.551562 0.202344 0.187500 0.250000
21 0.639844 0.866406 0.187500 0.250000
5 0.165625 0.231250 0.187500 0.250000
2 0.101562 0.873437 0.187500 0.250000
31 0.253906 0.720313 0.187500 0.250000
30 0.890625 0.497656 0.187500 0.250000
1 0.678906 0.659375 0.187500 0.250000
13 0.726562 0.202344 0.187500 0.250000
27 0.377344 0.510156 0.187500 0.250000
7 0.898438 0.179688 0.187500 0.250000
5 0.345313 0.249219 0.187500 0.250000
