32 0.768750 0.605469 0.187500 0.250000
14 0.114062 0.842969 0.187500 0.250000
33 0.404687 0.722656 0.187500 0.250000
20 0.250781 0.491406 0.187500 0.250000
31 0.427344 0.478125 0.187500 0.250000
16 0.428906 0.235937 0.187500 0.250000
0 0.803125 0.823438 0.187500 0.250000
7 0.812500 0.324219 0.187500 0.250000
28 0.593750 0.678906 0.187500 0.250000
14 0.652344 0.398438 0.187500 0.250000
0 0.110937 0.372656 0.187500 0.250000
33 0.125781 0.612500 0.187500 0.250000
33 0.611719 0.185938 0.187500 0.250000
27 0.198437 0.165625 0.187500 0.250000
