25 0.278125 0.678906 0.187500 0.250000
32 0.154688 0.181250 0.187500 0.250000
30 0.810937 0.614844 0.187500 0.250000
14 0.664062 0.423438 0.187500 0.250000
19 0.499219 0.544531 0.187500 0.250000
10 0.109375 0.722656 0.187500 0.250000
27 0.469531 0.253906 0.187500 0.250000
27 0.596875 0.821875 0.187500 0.250000
17 0.099219 0.421875 0.187500 0.250000
1 0.811719 0.198437 0.187500 0.250000
20 0.438281 0.800000 0.187500 0.250000
12 0.289844 0.371875 0.187500 0.250000
12 0.861719 0.425781 0.187500 0.250000
