27 0.328125 0.808594 0.187500 0.250000
23 0.441406 0.317969 0.187500 0.250000
16 0.151562 0.466406 0.187500 0.250000
30 0.485938 0.825000 0.187500 0.250000
27 0.193750 0.673438 0.187500 0.250000
22 0.635156 0.305469 0.187500 0.250000
20 0.694531 0.577344 0.187500 0.250000
12 0.392188 0.573438 0.187500 0.250000
3 0.889844 0.348438 0.187500 0.250000
7 0.772656 0.843750 0.187500 0.250000
6 0.279687 0.157031 0.187500 0.250000
19 0.095312 0.853906 0.187500 0.250000
0 0.765625 0.203125 0.187500 0.250000
18 0.539844 0.628125 0.187500 0.250000
