15 0.450781 0.536719 0.187500 0.250000
6 0.157031 0.623437 0.187500 0.250000
9 0.827344 0.848437 0.187500 0.250000
15 0.528125 0.142969 0.187500 0.250000
18 0.836719 0.157812 0.187500 0.250000
5 0.319531 0.709375 0.187500 0.250000
23 0.849219 0.494531 0.187500 0.250000
27 0.396094 0.244531 0.187500 0.250000
28 0.543750 0.871094 0.187500 0.250000
11 0.186719 0.373437 0.187500 0.250000
17 0.634375 0.692969 0.187500 0.250000
12 0.628906 0.322656 0.187500 0.250000
11 0.256250 0.151562 0.187500 0.250000
