6 0.406250 0.285156 0.187500 0.250000
29 0.252344 0.718750 0.187500 0.250000
16 0.202344 0.327344 0.187500 0.250000
29 0.443750 0.648438 0.187500 0.250000
19 0.703906 0.221094 0.187500 0.250000
17 0.489844 0.851562 0.187500 0.250000
10 0.532813 0.151562 0.187500 0.250000
8 0.675781 0.528125 0.187500 0.250000
31 0.878125 0.588281 0.187500 0.250000
14 0.314844 0.471875 0.187500 0.250000
0 0.093750 0.777344 0.187500 0.250000
13 0.776563 0.875000 0.187500 0.250000
10 0.500000 0.450781 0.187500 0.250000
23 0.897656 0.133594 0.187500 0.250000
