27 0.612500 0.203125 0.187500 0.250000
9 0.661719 0.397656 0.187500 0.250000
0 0.235937 0.353125 0.187500 0.250000
28 0.805469 0.840625 0.187500 0.250000
13 0.401562 0.314844 0.187500 0.250000
1 0.905469 0.397656 0.187500 0.250000
19 0.163281 0.662500 0.187500 0.250000
15 0.209375 0.871875 0.187500 0.250000
3 0.474219 0.789062 0.187500 0.250000
8 0.789844 0.569531 0.187500 0.250000
0 0.157031 0.159375 0.187500 0.250000
26 0.425000 0.551562 0.187500 0.250000
17 0.839063 0.125000 0.187500 0.250000
0 0.577344 0.597656 0.187500 0.250000
