6 0.419531 0.618750 0.187500 0.250000
29 0.818750 0.416406 0.187500 0.250000
9 0.322656 0.315625 0.187500 0.250000
20 0.259375 0.548438 0.187500 0.250000
31 0.585156 0.550781 0.187500 0.250000
27 0.347656 0.830469 0.187500 0.250000
0 0.835938 0.155469 0.187500 0.250000
0 0.588281 0.135937 0.187500 0.250000
29 0.139844 0.235156 0.187500 0.250000
11 0.897656 0.716406 0.187500 0.250000
18 0.390625 0.125781 0.187500 0.250000
28 0.774219 0.835938 0.187500 0.250000
32 0.738281 0.631250 0.187500 0.250000
18 0.503125 0.333594 0.187500 0.250000
