15 0.799219 0.404687 0.187500 0.250000
29 0.226562 0.864844 0.187500 0.250000
21 0.850781 0.799219 0.187500 0.250000
14 0.371875 0.245312 0.187500 0.250000
25 0.861719 0.175781 0.187500 0.250000
3 0.649219 0.451562 0.187500 0.250000
1 0.388281 0.654687 0.187500 0.250000
9 0.615625 0.129688 0.187500 0.250000
2 0.140625 0.455469 0.187500 0.250000
32 0.568750 0.664844 0.187500 0.250000
21 0.470313 0.436719 0.187500 0.250000
16 0.142187 0.228125 0.187500 0.250000
10 0.903906 0.569531 0.187500 0.250000
