17 0.460156 0.553906 0.187500 0.250000
25 0.515625 0.789062 0.187500 0.250000
4 0.703906 0.375000 0.187500 0.250000
5 0.866406 0.853906 0.187500 0.250000
14 0.357031 0.758594 0.187500 0.250000
1 0.226562 0.595313 0.187500 0.250000
5 0.783594 0.178125 0.187500 0.250000
31 0.399219 0.342969 0.187500 0.250000
6 0.120313 0.150000 0.187500 0.250000
27 0.741406 0.608594 0.187500 0.250000
26 0.903125 0.420312 0.187500 0.250000
28 0.582812 0.221875 0.187500 0.250000
32 0.130469 0.386719 0.187500 0.250000
33 0.414844 0.130469 0.187500 0.250000
