9 0.329688 0.228125 0.187500 0.250000
26 0.232813 0.697656 0.187500 0.250000
7 0.601562 0.590625 0.187500 0.250000
27 0.447656 0.823438 0.187500 0.250000
15 0.713281 0.398438 0.187500 0.250000
28 0.622656 0.216406 0.187500 0.250000
20 0.197656 0.356250 0.187500 0.250000
5 0.816406 0.796094 0.187500 0.250000
19 0.185938 0.138281 0.187500 0.250000
30 0.898438 0.321875 0.187500 0.250000
12 0.821094 0.543750 0.187500 0.250000
24 0.432812 0.437500 0.187500 0.250000
0 0.794531 0.128125 0.187500 0.250000
