32 0.129688 0.357031 0.187500 0.250000
11 0.674219 0.149219 0.187500 0.250000
12 0.382031 0.451562 0.187500 0.250000
32 0.668750 0.675781 0.187500 0.250000
29 0.507031 0.630469 0.187500 0.250000
13 0.875000 0.434375 0.187500 0.250000
10 0.117969 0.868750 0.187500 0.250000
13 0.633594 0.396094 0.187500 0.250000
33 0.098437 0.590625 0.187500 0.250000
29 0.872656 0.724219 0.187500 0.250000
4 0.879687 0.146094 0.187500 0.250000
26 0.375781 0.233594 0.187500 0.250000
25 0.304688 0.817969 0.187500 0.250000
17 0.228125 0.125000 0.187500 0.250000
