23 0.385937 0.774219 0.187500 0.250000
7 0.353125 0.390625 0.187500 0.250000
28 0.631250 0.153906 0.187500 0.250000
12 0.178125 0.767188 0.187500 0.250000
8 0.460156 0.228906 0.187500 0.250000
3 0.718750 0.862500 0.187500 0.250000
0 0.687500 0.425000 0.187500 0.250000
1 0.869531 0.455469 0.187500 0.250000
31 0.143750 0.316406 0.187500 0.250000
12 0.803125 0.169531 0.187500 0.250000
8 0.240625 0.155469 0.187500 0.250000
25 0.824219 0.666406 0.187500 0.250000
12 0.539844 0.688281 0.187500 0.250000
15 0.218750 0.544531 0.187500 0.250000
