16 0.203125 0.627344 0.187500 0.250000
12 0.768750 0.226562 0.187500 0.250000
18 0.221094 0.380469 0.187500 0.250000
32 0.865625 0.711719 0.187500 0.250000
3 0.624219 0.503125 0.187500 0.250000
1 0.669531 0.744531 0.187500 0.250000
19 0.118750 0.820312 0.187500 0.250000
30 0.514062 0.735938 0.187500 0.250000
32 0.585938 0.142187 0.187500 0.250000
16 0.832812 0.455469 0.187500 0.250000
11 0.451562 0.446875 0.187500 0.250000
28 0.253906 0.142187 0.187500 0.250000
30 0.363281 0.682031 0.187500 0.250000
