30 0.382812 0.630469 0.187500 0.250000
33 0.555469 0.294531 0.187500 0.250000
4 0.225781 0.547656 0.187500 0.250000
19 0.775000 0.743750 0.187500 0.250000
23 0.154688 0.765625 0.187500 0.250000
5 0.259375 0.171094 0.187500 0.250000
23 0.828125 0.411719 0.187500 0.250000
14 0.386719 0.389062 0.187500 0.250000
14 0.437500 0.161719 0.187500 0.250000
7 0.592187 0.707812 0.187500 0.250000
8 0.521094 0.513281 0.187500 0.250000
25 0.107031 0.389844 0.187500 0.250000
20 0.716406 0.201563 0.187500 0.250000
31 0.333594 0.835938 0.187500 0.250000
