21 0.796875 0.260156 0.187500 0.250000
3 0.853125 0.561719 0.187500 0.250000
5 0.108594 0.183594 0.187500 0.250000
14 0.846875 0.809375 0.187500 0.250000
22 0.438281 0.846094 0.187500 0.250000
26 0.412500 0.386719 0.187500 0.250000
6 0.482812 0.208594 0.187500 0.250000
2 0.217969 0.437500 0.187500 0.250000
18 0.145313 0.860156 0.187500 0.250000
9 0.600781 0.810937 0.187500 0.250000
27 0.291406 0.682813 0.187500 0.250000
4 0.710938 0.475000 0.187500 0.250000
18 0.121094 0.647656 0.187500 0.250000
5 0.539844 0.567187 0.187500 0.250000
