5 0.454688 0.675000 0.187500 0.250000
26 0.837500 0.478125 0.187500 0.250000
5 0.567969 0.473438 0.187500 0.250000
17 0.899219 0.801562 0.187500 0.250000
24 0.150781 0.767969 0.187500 0.250000
16 0.682813 0.739844 0.187500 0.250000
16 0.159375 0.338281 0.187500 0.250000
22 0.816406 0.176563 0.187500 0.250000
4 0.360938 0.158594 0.187500 0.250000
15 0.094531 0.547656 0.187500 0.250000
13 0.294531 0.706250 0.187500 0.250000
14 0.628906 0.239844 0.187500 0.250000
15 0.324219 0.500000 0.187500 0.250000
