33 0.167187 0.504687 0.187500 0.250000
27 0.485938 0.392969 0.187500 0.250000
14 0.650000 0.364844 0.187500 0.250000
30 0.600000 0.848437 0.187500 0.250000
14 0.364063 0.632031 0.187500 0.250000
2 0.836719 0.757031 0.187500 0.250000
25 0.880469 0.356250 0.187500 0.250000
3 0.577344 0.566406 0.187500 0.250000
30 0.267188 0.273438 0.187500 0.250000
23 0.702344 0.130469 0.187500 0.250000
28 0.378906 0.856250 0.187500 0.250000
24 0.238281 0.786719 0.187500 0.250000
23 0.528906 0.189844 0.187500 0.250000
12 0.871875 0.139844 0.187500 0.250000
