18 0.562500 0.418750 0.187500 0.250000
22 0.822656 0.138281 0.187500 0.250000
19 0.900000 0.561719 0.187500 0.250000
5 0.136719 0.301563 0.187500 0.250000
27 0.760938 0.757812 0.187500 0.250000
2 0.454688 0.852344 0.187500 0.250000
19 0.278125 0.391406 0.187500 0.250000
11 0.664062 0.596875 0.187500 0.250000
20 0.792969 0.334375 0.187500 0.250000
4 0.382031 0.589844 0.187500 0.250000
20 0.214062 0.745313 0.187500 0.250000
29 0.133594 0.526563 0.187500 0.250000
4 0.409375 0.144531 0.187500 0.250000
3 0.607812 0.201563 0.187500 0.250000
