22 0.539062 0.201563 0.187500 0.250000
11 0.171875 0.323437 0.187500 0.250000
28 0.357031 0.603125 0.187500 0.250000
23 0.371094 0.263281 0.187500 0.250000
30 0.720313 0.541406 0.187500 0.250000
23 0.689063 0.325781 0.187500 0.250000
1 0.880469 0.842969 0.187500 0.250000
31 0.208594 0.570312 0.187500 0.250000
6 0.904687 0.260937 0.187500 0.250000
32 0.132031 0.864844 0.187500 0.250000
7 0.242188 0.142969 0.187500 0.250000
0 0.525781 0.735938 0.187500 0.250000
27 0.400000 0.863281 0.187500 0.250000
33 0.526563 0.486719 0.187500 0.250000
