7 0.600000 0.435156 0.187500 0.250000
3 0.321875 0.151562 0.187500 0.250000
14 0.896875 0.415625 0.187500 0.250000
2 0.833594 0.625781 0.187500 0.250000
22 0.304688 0.545312 0.187500 0.250000
24 0.611719 0.142969 0.187500 0.250000
20 0.206250 0.844531 0.187500 0.250000
1 0.146875 0.127344 0.187500 0.250000
27 0.757031 0.202344 0.187500 0.250000
8 0.167969 0.642188 0.187500 0.250000
1 0.364063 0.820312 0.187500 0.250000
31 0.900781 0.144531 0.187500 0.250000
1 0.101562 0.427344 0.187500 0.250000
3 0.732812 0.814063 0.187500 0.250000
