14 0.376563 0.317969 0.187500 0.250000
1 0.579688 0.473438 0.187500 0.250000
3 0.134375 0.360156 0.187500 0.250000
12 0.268750 0.815625 0.187500 0.250000
23 0.167969 0.601562 0.187500 0.250000
33 0.720313 0.257812 0.187500 0.250000
26 0.373437 0.550000 0.187500 0.250000
19 0.484375 0.132031 0.187500 0.250000
16 0.672656 0.700000 0.187500 0.250000
28 0.121094 0.138281 0.187500 0.250000
30 0.490625 0.779687 0.187500 0.250000
28 0.867969 0.213281 0.187500 0.250000
17 0.831250 0.789062 0.187500 0.250000
9 0.802344 0.525000 0.187500 0.250000
