28 0.853125 0.465625 0.187500 0.250000
5 0.596875 0.228125 0.187500 0.250000
6 0.661719 0.607031 0.187500 0.250000
7 0.135937 0.857031 0.187500 0.250000
16 0.557031 0.825781 0.187500 0.250000
31 0.811719 0.218750 0.187500 0.250000
14 0.514844 0.459375 0.187500 0.250000
15 0.322656 0.347656 0.187500 0.250000
0 0.698438 0.407813 0.187500 0.250000
17 0.313281 0.803906 0.187500 0.250000
15 0.203906 0.588281 0.187500 0.250000
5 0.896875 0.851562 0.187500 0.250000
2 0.096094 0.292969 0.187500 0.250000
24 0.390625 0.154688 0.187500 0.250000
