24 0.454688 0.467969 0.187500 0.250000
19 0.816406 0.324219 0.187500 0.250000
12 0.142969 0.244531 0.187500 0.250000
25 0.842187 0.755469 0.187500 0.250000
1 0.691406 0.611719 0.187500 0.250000
25 0.282813 0.523438 0.187500 0.250000
27 0.473438 0.228125 0.187500 0.250000
2 0.270313 0.837500 0.187500 0.250000
31 0.517188 0.735938 0.187500 0.250000
10 0.642188 0.349219 0.187500 0.250000
8 0.123438 0.499219 0.187500 0.250000
12 0.314844 0.196875 0.187500 0.250000
30 0.625000 0.131250 0.187500 0.250000
