6 0.223438 0.399219 0.187500 0.250000
6 0.785937 0.707031 0.187500 0.250000
18 0.830469 0.402344 0.187500 0.250000
12 0.494531 0.770312 0.187500 0.250000
32 0.789062 0.204687 0.187500 0.250000
22 0.339844 0.747656 0.187500 0.250000
23 0.459375 0.237500 0.187500 0.250000
19 0.607031 0.438281 0.187500 0.250000
4 0.166406 0.702344 0.187500 0.250000
6 0.436719 0.566406 0.187500 0.250000
33 0.288281 0.139844 0.187500 0.250000
19 0.109375 0.167969 0.187500 0.250000
15 0.678906 0.871094 0.187500 0.250000
