7 0.176563 0.785156 0.187500 0.250000
1 0.411719 0.205469 0.187500 0.250000
8 0.366406 0.513281 0.187500 0.250000
12 0.722656 0.531250 0.187500 0.250000
16 0.753906 0.813281 0.187500 0.250000
30 0.163281 0.275000 0.187500 0.250000
2 0.121875 0.582031 0.187500 0.250000
4 0.668750 0.229687 0.187500 0.250000
2 0.867969 0.450781 0.187500 0.250000
20 0.891406 0.700781 0.187500 0.250000
22 0.357812 0.864844 0.187500 0.250000
28 0.539062 0.616406 0.187500 0.250000
30 0.835938 0.146875 0.187500 0.250000
