2 0.196094 0.242969 0.187500 0.250000
29 0.575000 0.288281 0.187500 0.250000
24 0.620313 0.818750 0.187500 0.250000
14 0.777344 0.852344 0.187500 0.250000
13 0.584375 0.493750 0.187500 0.250000
9 0.381250 0.135156 0.187500 0.250000
11 0.149219 0.755469 0.187500 0.250000
31 0.752344 0.465625 0.187500 0.250000
0 0.397656 0.687500 0.187500 0.250000
30 0.403906 0.457031 0.187500 0.250000
17 0.860156 0.280469 0.187500 0.250000
20 0.215625 0.529687 0.187500 0.250000
21 0.830469 0.648438 0.187500 0.250000
24 0.731250 0.153906 0.187500 0.250000
