12 0.542969 0.245312 0.187500 0.250000
20 0.689844 0.655469 0.187500 0.250000
28 0.378906 0.521875 0.187500 0.250000
3 0.482031 0.863281 0.187500 0.250000
5 0.120313 0.625000 0.187500 0.250000
0 0.717969 0.136719 0.187500 0.250000
6 0.239844 0.756250 0.187500 0.250000
29 0.780469 0.467187 0.187500 0.250000
25 0.564844 0.468750 0.187500 0.250000
8 0.243750 0.143750 0.187500 0.250000
33 0.345313 0.314844 0.187500 0.250000
14 0.893750 0.614062 0.187500 0.250000
16 0.102344 0.234375 0.187500 0.250000
9 0.861719 0.288281 0.187500 0.250000
