16 0.677344 0.287500 0.187500 0.250000
29 0.311719 0.639844 0.187500 0.250000
30 0.851562 0.485156 0.187500 0.250000
27 0.618750 0.728906 0.187500 0.250000
5 0.903906 0.751563 0.187500 0.250000
15 0.475000 0.286719 0.187500 0.250000
15 0.237500 0.239063 0.187500 0.250000
23 0.409375 0.840625 0.187500 0.250000
21 0.145313 0.853125 0.187500 0.250000
15 0.516406 0.553906 0.187500 0.250000
25 0.161719 0.478906 0.187500 0.250000
20 0.875781 0.178906 0.187500 0.250000
15 0.742969 0.867188 0.187500 0.250000
1 0.353125 0.436719 0.187500 0.250000
