31 0.303125 0.325000 0.187500 0.250000
1 0.232813 0.756250 0.187500 0.250000
16 0.464062 0.131250 0.187500 0.250000
6 0.777344 0.534375 0.187500 0.250000
17 0.792969 0.166406 0.187500 0.250000
26 0.103125 0.229687 0.187500 0.250000
27 0.642188 0.321094 0.187500 0.250000
7 0.734375 0.807813 0.187500 0.250000
28 0.889844 0.810937 0.187500 0.250000
33 0.520312 0.501563 0.187500 0.250000
5 0.240625 0.532031 0.187500 0.250000
14 0.461719 0.846875 0.187500 0.250000
11 0.871094 0.364063 0.187500 0.250000
