19 0.642969 0.517188 0.187500 0.250000
18 0.638281 0.232813 0.187500 0.250000
14 0.188281 0.196094 0.187500 0.250000
8 0.414062 0.817969 0.187500 0.250000
0 0.480469 0.326562 0.187500 0.250000
6 0.892188 0.189844 0.187500 0.250000
1 0.748437 0.826562 0.187500 0.250000
18 0.330469 0.375781 0.187500 0.250000
10 0.225781 0.818750 0.187500 0.250000
33 0.366406 0.628125 0.187500 0.250000
30 0.599219 0.748437 0.187500 0.250000
22 0.168750 0.510156 0.187500 0.250000
21 0.817969 0.475000 0.187500 0.250000
