19 0.849219 0.441406 0.187500 0.250000
18 0.550000 0.189062 0.187500 0.250000
21 0.114062 0.604688 0.187500 0.250000
20 0.311719 0.869531 0.187500 0.250000
12 0.268750 0.630469 0.187500 0.250000
28 0.676562 0.826562 0.187500 0.250000
27 0.418750 0.453125 0.187500 0.250000
18 0.660156 0.467969 0.187500 0.250000
12 0.815625 0.161719 0.187500 0.250000
8 0.546875 0.707812 0.187500 0.250000
26 0.171875 0.258594 0.187500 0.250000
32 0.804688 0.672656 0.187500 0.250000
2 0.166406 0.803906 0.187500 0.250000
