7 0.439844 0.784375 0.187500 0.250000
0 0.722656 0.688281 0.187500 0.250000
8 0.146094 0.197656 0.187500 0.250000
21 0.309375 0.199219 0.187500 0.250000
10 0.861719 0.178906 0.187500 0.250000
6 0.654687 0.173437 0.187500 0.250000
11 0.679688 0.386719 0.187500 0.250000
26 0.403906 0.520312 0.187500 0.250000
13 0.487500 0.199219 0.187500 0.250000
22 0.106250 0.589063 0.187500 0.250000
12 0.890625 0.628125 0.187500 0.250000
7 0.173437 0.871094 0.187500 0.250000
1 0.217188 0.420312 0.187500 0.250000
3 0.836719 0.861719 0.187500 0.250000
