2 0.448437 0.386719 0.187500 0.250000
6 0.807813 0.222656 0.187500 0.250000
30 0.215625 0.234375 0.187500 0.250000
28 0.585938 0.692187 0.187500 0.250000
26 0.328906 0.870313 0.187500 0.250000
28 0.634375 0.485156 0.187500 0.250000
28 0.591406 0.251563 0.187500 0.250000
20 0.735156 0.837500 0.187500 0.250000
3 0.795312 0.599219 0.187500 0.250000
3 0.332031 0.566406 0.187500 0.250000
24 0.117969 0.478906 0.187500 0.250000
31 0.121094 0.765625 0.187500 0.250000
17 0.885938 0.801562 0.187500 0.250000
31 0.890625 0.394531 0.187500 0.250000
