19 0.397656 0.370312 0.187500 0.250000
22 0.489844 0.767969 0.187500 0.250000
26 0.748437 0.609375 0.187500 0.250000
2 0.673438 0.414062 0.187500 0.250000
1 0.798438 0.800781 0.187500 0.250000
25 0.814844 0.286719 0.187500 0.250000
0 0.176563 0.142969 0.187500 0.250000
21 0.522656 0.201563 0.187500 0.250000
13 0.152344 0.825781 0.187500 0.250000
20 0.646094 0.826562 0.187500 0.250000
5 0.146875 0.368750 0.187500 0.250000
26 0.311719 0.721094 0.187500 0.250000
12 0.112500 0.596094 0.187500 0.250000
