18 0.503125 0.748437 0.187500 0.250000
0 0.900000 0.478906 0.187500 0.250000
30 0.240625 0.688281 0.187500 0.250000
23 0.117969 0.198437 0.187500 0.250000
6 0.510156 0.325000 0.187500 0.250000
13 0.253125 0.411719 0.187500 0.250000
7 0.733594 0.578125 0.187500 0.250000
28 0.890625 0.214062 0.187500 0.250000
26 0.315625 0.219531 0.187500 0.250000
2 0.868750 0.775781 0.187500 0.250000
29 0.714844 0.192188 0.187500 0.250000
33 0.101562 0.605469 0.187500 0.250000
27 0.642969 0.825000 0.187500 0.250000
