27 0.649219 0.832812 0.187500 0.250000
10 0.855469 0.519531 0.187500 0.250000
1 0.325781 0.257812 0.187500 0.250000
22 0.712500 0.324219 0.187500 0.250000
7 0.525000 0.320312 0.187500 0.250000
4 0.117188 0.390625 0.187500 0.250000
15 0.178125 0.574219 0.187500 0.250000
30 0.328906 0.619531 0.187500 0.250000
2 0.120313 0.171094 0.187500 0.250000
16 0.678125 0.613281 0.187500 0.250000
7 0.459375 0.725000 0.187500 0.250000
1 0.904687 0.192188 0.187500 0.250000
6 0.145313 0.815625 0.187500 0.250000
