27 0.625781 0.353906 0.187500 0.250000
5 0.714063 0.779687 0.187500 0.250000
23 0.167187 0.185156 0.187500 0.250000
29 0.309375 0.590625 0.187500 0.250000
30 0.499219 0.507812 0.187500 0.250000
22 0.853906 0.455469 0.187500 0.250000
7 0.110156 0.760938 0.187500 0.250000
26 0.500781 0.867188 0.187500 0.250000
17 0.352344 0.285156 0.187500 0.250000
27 0.564063 0.160938 0.187500 0.250000
12 0.905469 0.802344 0.187500 0.250000
0 0.850000 0.160156 0.187500 0.250000
13 0.150781 0.499219 0.187500 0.250000
