33 0.573438 0.185156 0.187500 0.250000
7 0.342187 0.367969 0.187500 0.250000
8 0.857812 0.812500 0.187500 0.250000
23 0.399219 0.150781 0.187500 0.250000
22 0.381250 0.685937 0.187500 0.250000
30 0.720313 0.496094 0.187500 0.250000
11 0.096875 0.571875 0.187500 0.250000
15 0.643750 0.755469 0.187500 0.250000
26 0.481250 0.484375 0.187500 0.250000
3 0.741406 0.192188 0.187500 0.250000
2 0.175781 0.232813 0.187500 0.250000
14 0.878125 0.466406 0.187500 0.250000
14 0.186719 0.852344 0.187500 0.250000
