24 0.821875 0.551562 0.187500 0.250000
8 0.196875 0.786719 0.187500 0.250000
16 0.853125 0.340625 0.187500 0.250000
15 0.710156 0.774219 0.187500 0.250000
11 0.413281 0.861719 0.187500 0.250000
23 0.218750 0.328906 0.187500 0.250000
31 0.576562 0.160156 0.187500 0.250000
32 0.445312 0.437500 0.187500 0.250000
28 0.899219 0.846094 0.187500 0.250000
30 0.500781 0.625781 0.187500 0.250000
14 0.242969 0.584375 0.187500 0.250000
26 0.729688 0.129688 0.187500 0.250000
14 0.378906 0.170313 0.187500 0.250000
15 0.662500 0.361719 0.187500 0.250000
