28 0.776563 0.722656 0.187500 0.250000
15 0.146094 0.829688 0.187500 0.250000
13 0.257812 0.253125 0.187500 0.250000
10 0.413281 0.723437 0.187500 0.250000
14 0.682813 0.456250 0.187500 0.250000
19 0.562500 0.599219 0.187500 0.250000
8 0.247656 0.661719 0.187500 0.250000
0 0.383594 0.432812 0.187500 0.250000
8 0.565625 0.859375 0.187500 0.250000
5 0.748437 0.154688 0.187500 0.250000
1 0.521094 0.234375 0.187500 0.250000
0 0.103125 0.395313 0.187500 0.250000
4 0.902344 0.852344 0.187500 0.250000
