23 0.821875 0.203125 0.187500 0.250000
10 0.475781 0.520312 0.187500 0.250000
32 0.479687 0.246094 0.187500 0.250000
13 0.534375 0.760156 0.187500 0.250000
11 0.343750 0.727344 0.187500 0.250000
7 0.140625 0.626563 0.187500 0.250000
13 0.720313 0.707031 0.187500 0.250000
14 0.117969 0.177344 0.187500 0.250000
6 0.672656 0.244531 0.187500 0.250000
21 0.882812 0.725000 0.187500 0.250000
29 0.810156 0.451562 0.187500 0.250000
24 0.312500 0.497656 0.187500 0.250000
17 0.283594 0.279687 0.187500 0.250000
26 0.632031 0.487500 0.187500 0.250000
