32 0.714063 0.173437 0.187500 0.250000
30 0.145313 0.703906 0.187500 0.250000
25 0.840625 0.773438 0.187500 0.250000
23 0.891406 0.344531 0.187500 0.250000
28 0.342187 0.223438 0.187500 0.250000
8 0.767188 0.590625 0.187500 0.250000
26 0.478906 0.446094 0.187500 0.250000
19 0.551562 0.634375 0.187500 0.250000
20 0.221094 0.363281 0.187500 0.250000
4 0.344531 0.842969 0.187500 0.250000
19 0.500781 0.218750 0.187500 0.250000
21 0.291406 0.628906 0.187500 0.250000
11 0.100000 0.205469 0.187500 0.250000
14 0.607031 0.873437 0.187500 0.250000
