16 0.379688 0.232813 0.187500 0.250000
20 0.478906 0.705469 0.187500 0.250000
29 0.555469 0.179688 0.187500 0.250000
24 0.241406 0.753125 0.187500 0.250000
28 0.482812 0.485156 0.187500 0.250000
23 0.640625 0.767188 0.187500 0.250000
14 0.104688 0.570312 0.187500 0.250000
1 0.719531 0.208594 0.187500 0.250000
8 0.839063 0.358594 0.187500 0.250000
0 0.317188 0.483594 0.187500 0.250000
4 0.853125 0.868750 0.187500 0.250000
7 0.184375 0.291406 0.187500 0.250000
2 0.635156 0.452344 0.187500 0.250000
30 0.865625 0.638281 0.187500 0.250000
