6 0.537500 0.471875 0.187500 0.250000
0 0.132812 0.842969 0.187500 0.250000
8 0.619531 0.821875 0.187500 0.250000
20 0.341406 0.424219 0.187500 0.250000
11 0.464844 0.744531 0.187500 0.250000
1 0.125000 0.355469 0.187500 0.250000
31 0.275781 0.126562 0.187500 0.250000
16 0.199219 0.617188 0.187500 0.250000
29 0.756250 0.227344 0.187500 0.250000
25 0.808594 0.855469 0.187500 0.250000
12 0.839063 0.558594 0.187500 0.250000
14 0.610938 0.173437 0.187500 0.250000
30 0.891406 0.318750 0.187500 0.250000
25 0.331250 0.862500 0.187500 0.250000
