32 0.683594 0.457031 0.187500 0.250000
30 0.143750 0.193750 0.187500 0.250000
13 0.522656 0.773438 0.187500 0.250000
27 0.721094 0.817969 0.187500 0.250000
33 0.833594 0.553125 0.187500 0.250000
2 0.200781 0.497656 0.187500 0.250000
7 0.356250 0.490625 0.187500 0.250000
5 0.451562 0.263281 0.187500 0.250000
31 0.522656 0.468750 0.187500 0.250000
8 0.299219 0.685937 0.187500 0.250000
17 0.286719 0.278125 0.187500 0.250000
32 0.866406 0.293750 0.187500 0.250000
0 0.153125 0.792188 0.187500 0.250000
25 0.623437 0.233594 0.187500 0.250000
