23 0.608594 0.268750 0.187500 0.250000
23 0.159375 0.434375 0.187500 0.250000
7 0.171094 0.829688 0.187500 0.250000
27 0.549219 0.488281 0.187500 0.250000
21 0.302344 0.300000 0.187500 0.250000
19 0.381250 0.682031 0.187500 0.250000
31 0.644531 0.650000 0.187500 0.250000
23 0.539844 0.843750 0.187500 0.250000
7 0.846094 0.542188 0.187500 0.250000
8 0.893750 0.200781 0.187500 0.250000
16 0.768750 0.327344 0.187500 0.250000
17 0.831250 0.830469 0.187500 0.250000
22 0.202344 0.130469 0.187500 0.250000
