32 0.331250 0.363281 0.187500 0.250000
7 0.264062 0.850781 0.187500 0.250000
33 0.795312 0.485156 0.187500 0.250000
27 0.097656 0.714844 0.187500 0.250000
32 0.714844 0.743750 0.187500 0.250000
12 0.600000 0.427344 0.187500 0.250000
11 0.903125 0.179688 0.187500 0.250000
18 0.450781 0.833594 0.187500 0.250000
27 0.532813 0.615625 0.187500 0.250000
28 0.573438 0.224219 0.187500 0.250000
25 0.334375 0.660156 0.187500 0.250000
3 0.242969 0.195312 0.187500 0.250000
25 0.726562 0.221875 0.187500 0.250000
2 0.167187 0.382812 0.187500 0.250000
