31 0.256250 0.611719 0.187500 0.250000
15 0.150000 0.260156 0.187500 0.250000
0 0.674219 0.603906 0.187500 0.250000
17 0.099219 0.763281 0.187500 0.250000
20 0.905469 0.836719 0.187500 0.250000
0 0.864062 0.196875 0.187500 0.250000
6 0.694531 0.286719 0.187500 0.250000
27 0.298438 0.361719 0.187500 0.250000
28 0.429688 0.597656 0.187500 0.250000
6 0.104688 0.537500 0.187500 0.250000
0 0.556250 0.806250 0.187500 0.250000
17 0.818750 0.410938 0.187500 0.250000
5 0.538281 0.312500 0.187500 0.250000
22 0.731250 0.858594 0.187500 0.250000
