7 0.722656 0.627344 0.187500 0.250000
4 0.692969 0.429688 0.187500 0.250000
1 0.254688 0.762500 0.187500 0.250000
3 0.441406 0.710938 0.187500 0.250000
21 0.461719 0.198437 0.187500 0.250000
7 0.271875 0.524219 0.187500 0.250000
6 0.581250 0.846094 0.187500 0.250000
14 0.633594 0.213281 0.187500 0.250000
1 0.855469 0.350781 0.187500 0.250000
29 0.203125 0.334375 0.187500 0.250000
29 0.494531 0.492969 0.187500 0.250000
8 0.822656 0.793750 0.187500 0.250000
20 0.319531 0.126562 0.187500 0.250000
33 0.896094 0.594531 0.187500 0.250000
