33 0.427344 0.760156 0.187500 0.250000
33 0.382031 0.161719 0.187500 0.250000
11 0.692969 0.257031 0.187500 0.250000
0 0.898438 0.607031 0.187500 0.250000
2 0.624219 0.659375 0.187500 0.250000
30 0.550000 0.135156 0.187500 0.250000
25 0.881250 0.253125 0.187500 0.250000
21 0.446094 0.439063 0.187500 0.250000
9 0.146094 0.345313 0.187500 0.250000
18 0.107813 0.825781 0.187500 0.250000
32 0.707812 0.460156 0.187500 0.250000
25 0.242188 0.521094 0.187500 0.250000
17 0.121094 0.127344 0.187500 0.250000
21 0.244531 0.735938 0.187500 0.250000
