13 0.632812 0.303125 0.187500 0.250000
23 0.350000 0.174219 0.187500 0.250000
13 0.160938 0.737500 0.187500 0.250000
26 0.708594 0.835938 0.187500 0.250000
14 0.238281 0.462500 0.187500 0.250000
6 0.132031 0.239063 0.187500 0.250000
16 0.775781 0.242188 0.187500 0.250000
32 0.458594 0.346094 0.187500 0.250000
31 0.489844 0.594531 0.187500 0.250000
7 0.707812 0.594531 0.187500 0.250000
8 0.350781 0.678125 0.187500 0.250000
12 0.436719 0.852344 0.187500 0.250000
1 0.871094 0.560156 0.187500 0.250000
9 0.529687 0.144531 0.187500 0.250000
