19 0.676562 0.746094 0.187500 0.250000
8 0.806250 0.221875 0.187500 0.250000
5 0.378125 0.597656 0.187500 0.250000
25 0.775781 0.587500 0.187500 0.250000
33 0.542188 0.457813 0.187500 0.250000
13 0.224219 0.545312 0.187500 0.250000
15 0.292187 0.783594 0.187500 0.250000
24 0.094531 0.418750 0.187500 0.250000
21 0.602344 0.266406 0.187500 0.250000
13 0.507812 0.840625 0.187500 0.250000
6 0.095312 0.719531 0.187500 0.250000
25 0.107813 0.173437 0.187500 0.250000
26 0.267969 0.221094 0.187500 0.250000
22 0.431250 0.191406 0.187500 0.250000
