20 0.192969 0.609375 0.187500 0.250000
1 0.593750 0.512500 0.187500 0.250000
4 0.463281 0.614062 0.187500 0.250000
1 0.767969 0.462500 0.187500 0.250000
33 0.649219 0.832031 0.187500 0.250000
15 0.335938 0.359375 0.187500 0.250000
1 0.293750 0.764062 0.187500 0.250000
27 0.906250 0.371094 0.187500 0.250000
24 0.141406 0.848437 0.187500 0.250000
9 0.758594 0.171094 0.187500 0.250000
16 0.548438 0.183594 0.187500 0.250000
9 0.885938 0.802344 0.187500 0.250000
16 0.184375 0.257031 0.187500 0.250000
