23 0.751563 0.464062 0.187500 0.250000
4 0.568750 0.730469 0.187500 0.250000
14 0.348438 0.387500 0.187500 0.250000
26 0.864062 0.611719 0.187500 0.250000
22 0.513281 0.518750 0.187500 0.250000
19 0.184375 0.173437 0.187500 0.250000
2 0.894531 0.281250 0.187500 0.250000
1 0.308594 0.777344 0.187500 0.250000
9 0.157031 0.425781 0.187500 0.250000
12 0.813281 0.874219 0.187500 0.250000
5 0.426563 0.207031 0.187500 0.250000
0 0.153125 0.781250 0.187500 0.250000
16 0.597656 0.264844 0.187500 0.250000
17 0.737500 0.133594 0.187500 0.250000
