25 0.114062 0.166406 0.187500 0.250000
29 0.603906 0.351562 0.187500 0.250000
29 0.446094 0.770312 0.187500 0.250000
11 0.399219 0.208594 0.187500 0.250000
15 0.863281 0.378125 0.187500 0.250000
26 0.200000 0.414844 0.187500 0.250000
24 0.786719 0.787500 0.187500 0.250000
19 0.627344 0.736719 0.187500 0.250000
7 0.745313 0.221094 0.187500 0.250000
26 0.730469 0.579688 0.187500 0.250000
15 0.550000 0.130469 0.187500 0.250000
21 0.320312 0.603125 0.187500 0.250000
1 0.106250 0.831250 0.187500 0.250000
18 0.496094 0.496875 0.187500 0.250000
