26 0.404687 0.710938 0.187500 0.250000
0 0.821875 0.457031 0.187500 0.250000
2 0.326562 0.215625 0.187500 0.250000
9 0.800000 0.828906 0.187500 0.250000
4 0.890625 0.228125 0.187500 0.250000
21 0.550781 0.203906 0.187500 0.250000
18 0.417969 0.434375 0.187500 0.250000
2 0.638281 0.832031 0.187500 0.250000
11 0.170313 0.665625 0.187500 0.250000
3 0.151562 0.278125 0.187500 0.250000
33 0.249219 0.842969 0.187500 0.250000
14 0.658594 0.439844 0.187500 0.250000
30 0.250781 0.432812 0.187500 0.250000
