12 0.203906 0.464062 0.187500 0.250000
26 0.821875 0.380469 0.187500 0.250000
28 0.575000 0.479687 0.187500 0.250000
31 0.335938 0.641406 0.187500 0.250000
28 0.135937 0.217969 0.187500 0.250000
7 0.365625 0.348438 0.187500 0.250000
0 0.862500 0.736719 0.187500 0.250000
25 0.578906 0.223438 0.187500 0.250000
28 0.630469 0.860156 0.187500 0.250000
15 0.722656 0.556250 0.187500 0.250000
28 0.198437 0.841406 0.187500 0.250000
9 0.481250 0.790625 0.187500 0.250000
17 0.738281 0.167969 0.187500 0.250000
28 0.313281 0.132031 0.187500 0.250000
