5 0.677344 0.475781 0.187500 0.250000
17 0.382812 0.778906 0.187500 0.250000
32 0.331250 0.572656 0.187500 0.250000
1 0.585938 0.257031 0.187500 0.250000
2 0.190625 0.496875 0.187500 0.250000
26 0.651563 0.875000 0.187500 0.250000
14 0.102344 0.808594 0.187500 0.250000
0 0.800000 0.691406 0.187500 0.250000
30 0.393750 0.180469 0.187500 0.250000
15 0.832812 0.441406 0.187500 0.250000
3 0.207813 0.208594 0.187500 0.250000
9 0.490625 0.475781 0.187500 0.250000
7 0.746875 0.265625 0.187500 0.250000
20 0.889844 0.866406 0.187500 0.250000
