5 0.358594 0.255469 0.187500 0.250000
0 0.514844 0.218750 0.187500 0.250000
11 0.415625 0.556250 0.187500 0.250000
5 0.166406 0.750000 0.187500 0.250000
7 0.603906 0.822656 0.187500 0.250000
21 0.826562 0.271094 0.187500 0.250000
10 0.224219 0.467969 0.187500 0.250000
29 0.309375 0.831250 0.187500 0.250000
32 0.842969 0.752344 0.187500 0.250000
3 0.188281 0.226562 0.187500 0.250000
4 0.583594 0.617188 0.187500 0.250000
18 0.626563 0.393750 0.187500 0.250000
21 0.856250 0.544531 0.187500 0.250000
