33 0.755469 0.320312 0.187500 0.250000
33 0.513281 0.650000 0.187500 0.250000
2 0.253906 0.493750 0.187500 0.250000
14 0.394531 0.359375 0.187500 0.250000
13 0.326562 0.135156 0.187500 0.250000
31 0.855469 0.668750 0.187500 0.250000
27 0.727344 0.853906 0.187500 0.250000
10 0.690625 0.519531 0.187500 0.250000
0 0.599219 0.334375 0.187500 0.250000
5 0.195312 0.717187 0.187500 0.250000
1 0.199219 0.285938 0.187500 0.250000
17 0.367188 0.819531 0.187500 0.250000
29 0.553906 0.846094 0.187500 0.250000
9 0.665625 0.136719 0.187500 0.250000
