1 0.216406 0.285156 0.187500 0.250000
19 0.667188 0.706250 0.187500 0.250000
7 0.304688 0.758594 0.187500 0.250000
0 0.101562 0.514844 0.187500 0.250000
8 0.868750 0.391406 0.187500 0.250000
5 0.138281 0.814063 0.187500 0.250000
20 0.877344 0.150000 0.187500 0.250000
27 0.496875 0.423438 0.187500 0.250000
19 0.352344 0.537500 0.187500 0.250000
1 0.867969 0.834375 0.187500 0.250000
1 0.517188 0.780469 0.187500 0.250000
23 0.630469 0.138281 0.187500 0.250000
25 0.670312 0.426563 0.187500 0.250000
16 0.803906 0.608594 0.187500 0.250000
