26 0.682031 0.439844 0.187500 0.250000
33 0.234375 0.325781 0.187500 0.250000
24 0.199219 0.547656 0.187500 0.250000
16 0.482812 0.360938 0.187500 0.250000
6 0.761719 0.189844 0.187500 0.250000
33 0.562500 0.866406 0.187500 0.250000
2 0.854688 0.787500 0.187500 0.250000
30 0.435156 0.588281 0.187500 0.250000
2 0.632812 0.676562 0.187500 0.250000
2 0.370312 0.800000 0.187500 0.250000
32 0.227344 0.872656 0.187500 0.250000
6 0.857031 0.458594 0.187500 0.250000
14 0.583594 0.141406 0.187500 0.250000
