14 0.858594 0.320312 0.187500 0.250000
0 0.300781 0.387500 0.187500 0.250000
21 0.134375 0.185938 0.187500 0.250000
26 0.168750 0.610156 0.187500 0.250000
14 0.727344 0.700000 0.187500 0.250000
9 0.264062 0.782813 0.187500 0.250000
16 0.564844 0.500000 0.187500 0.250000
0 0.427344 0.798438 0.187500 0.250000
25 0.450781 0.171875 0.187500 0.250000
31 0.696094 0.396094 0.187500 0.250000
23 0.675000 0.129688 0.187500 0.250000
11 0.381250 0.560937 0.187500 0.250000
9 0.862500 0.554688 0.187500 0.250000
23 0.850781 0.839063 0.187500 0.250000
