18 0.821875 0.288281 0.187500 0.250000
27 0.722656 0.607812 0.187500 0.250000
32 0.857031 0.871094 0.187500 0.250000
26 0.163281 0.342187 0.187500 0.250000
1 0.577344 0.298438 0.187500 0.250000
20 0.592969 0.835938 0.187500 0.250000
25 0.198437 0.714063 0.187500 0.250000
3 0.321094 0.417187 0.187500 0.250000
12 0.093750 0.871875 0.187500 0.250000
17 0.363281 0.752344 0.187500 0.250000
16 0.296875 0.189844 0.187500 0.250000
2 0.884375 0.578125 0.187500 0.250000
2 0.569531 0.627344 0.187500 0.250000
