30 0.694531 0.418750 0.187500 0.250000
25 0.229687 0.575000 0.187500 0.250000
29 0.491406 0.160938 0.187500 0.250000
11 0.634375 0.673438 0.187500 0.250000
5 0.422656 0.739844 0.187500 0.250000
2 0.214844 0.352344 0.187500 0.250000
13 0.900000 0.428125 0.187500 0.250000
4 0.857812 0.711719 0.187500 0.250000
21 0.325781 0.157031 0.187500 0.250000
15 0.199219 0.772656 0.187500 0.250000
16 0.865625 0.210156 0.187500 0.250000
20 0.505469 0.454688 0.187500 0.250000
5 0.675000 0.165625 0.187500 0.250000
