1 0.361719 0.832031 0.187500 0.250000
1 0.542188 0.475000 0.187500 0.250000
14 0.394531 0.318750 0.187500 0.250000
9 0.642188 0.141406 0.187500 0.250000
0 0.675000 0.859375 0.187500 0.250000
16 0.815625 0.785937 0.187500 0.250000
24 0.815625 0.333594 0.187500 0.250000
30 0.104688 0.313281 0.187500 0.250000
19 0.194531 0.564063 0.187500 0.250000
19 0.189062 0.857812 0.187500 0.250000
0 0.535937 0.701562 0.187500 0.250000
28 0.385937 0.561719 0.187500 0.250000
21 0.289844 0.128125 0.187500 0.250000
1 0.748437 0.546094 0.187500 0.250000
