24 0.735156 0.652344 0.187500 0.250000
26 0.805469 0.239063 0.187500 0.250000
0 0.650781 0.243750 0.187500 0.250000
24 0.103125 0.393750 0.187500 0.250000
25 0.464062 0.233594 0.187500 0.250000
0 0.325781 0.374219 0.187500 0.250000
1 0.467969 0.669531 0.187500 0.250000
6 0.321875 0.777344 0.187500 0.250000
8 0.245312 0.578906 0.187500 0.250000
31 0.527344 0.484375 0.187500 0.250000
18 0.164062 0.870313 0.187500 0.250000
8 0.799219 0.456250 0.187500 0.250000
31 0.200000 0.166406 0.187500 0.250000
12 0.760938 0.875000 0.187500 0.250000
