6 0.767188 0.635938 0.187500 0.250000
25 0.702344 0.146094 0.187500 0.250000
21 0.285938 0.596094 0.187500 0.250000
23 0.455469 0.516406 0.187500 0.250000
4 0.539844 0.817187 0.187500 0.250000
28 0.888281 0.260937 0.187500 0.250000
31 0.856250 0.875000 0.187500 0.250000
21 0.264844 0.846094 0.187500 0.250000
4 0.159375 0.203906 0.187500 0.250000
14 0.723437 0.429688 0.187500 0.250000
12 0.099219 0.712500 0.187500 0.250000
3 0.445312 0.150781 0.187500 0.250000
15 0.366406 0.323437 0.187500 0.250000
