31 0.110156 0.249219 0.187500 0.250000
12 0.463281 0.647656 0.187500 0.250000
0 0.778125 0.683594 0.187500 0.250000
21 0.312500 0.192188 0.187500 0.250000
2 0.313281 0.589063 0.187500 0.250000
9 0.719531 0.257812 0.187500 0.250000
0 0.881250 0.283594 0.187500 0.250000
22 0.639062 0.442969 0.187500 0.250000
4 0.469531 0.337500 0.187500 0.250000
26 0.117188 0.478125 0.187500 0.250000
16 0.186719 0.852344 0.187500 0.250000
13 0.339844 0.793750 0.187500 0.250000
17 0.621094 0.777344 0.187500 0.250000
22 0.864062 0.514844 0.187500 0.250000
