17 0.614844 0.698438 0.187500 0.250000
26 0.739062 0.258594 0.187500 0.250000
32 0.892969 0.188281 0.187500 0.250000
32 0.510938 0.170313 0.187500 0.250000
1 0.353906 0.838281 0.187500 0.250000
21 0.150781 0.635156 0.187500 0.250000
31 0.813281 0.754687 0.187500 0.250000
12 0.452344 0.442969 0.187500 0.250000
25 0.244531 0.188281 0.187500 0.250000
17 0.175000 0.853125 0.187500 0.250000
8 0.298438 0.439063 0.187500 0.250000
8 0.743750 0.539844 0.187500 0.250000
6 0.348438 0.634375 0.187500 0.250000
