4 0.728906 0.669531 0.187500 0.250000
20 0.512500 0.496094 0.187500 0.250000
12 0.267188 0.303906 0.187500 0.250000
8 0.325000 0.744531 0.187500 0.250000
11 0.638281 0.134375 0.187500 0.250000
3 0.870313 0.418750 0.187500 0.250000
4 0.816406 0.850781 0.187500 0.250000
6 0.117969 0.264844 0.187500 0.250000
16 0.882812 0.665625 0.187500 0.250000
1 0.124219 0.658594 0.187500 0.250000
29 0.471094 0.865625 0.187500 0.250000
25 0.836719 0.197656 0.187500 0.250000
10 0.645312 0.393750 0.187500 0.250000
19 0.411719 0.206250 0.187500 0.250000
