31 0.594531 0.182031 0.187500 0.250000
30 0.185938 0.826562 0.187500 0.250000
2 0.728906 0.632031 0.187500 0.250000
13 0.547656 0.842187 0.187500 0.250000
26 0.742188 0.408594 0.187500 0.250000
17 0.888281 0.198437 0.187500 0.250000
8 0.568750 0.394531 0.187500 0.250000
10 0.789062 0.827344 0.187500 0.250000
26 0.180469 0.605469 0.187500 0.250000
7 0.411719 0.496875 0.187500 0.250000
29 0.353125 0.848437 0.187500 0.250000
20 0.192969 0.276562 0.187500 0.250000
27 0.406250 0.250000 0.187500 0.250000
