24 0.885156 0.517188 0.187500 0.250000
32 0.332031 0.294531 0.187500 0.250000
33 0.729688 0.452344 0.187500 0.250000
5 0.186719 0.623437 0.187500 0.250000
6 0.345313 0.743750 0.187500 0.250000
3 0.695312 0.170313 0.187500 0.250000
2 0.840625 0.261719 0.187500 0.250000
32 0.126562 0.335156 0.187500 0.250000
22 0.649219 0.841406 0.187500 0.250000
6 0.347656 0.513281 0.187500 0.250000
1 0.122656 0.837500 0.187500 0.250000
31 0.878906 0.823438 0.187500 0.250000
20 0.506250 0.483594 0.187500 0.250000
6 0.735938 0.660156 0.187500 0.250000
