13 0.425000 0.442188 0.187500 0.250000
1 0.859375 0.172656 0.187500 0.250000
8 0.626563 0.397656 0.187500 0.250000
10 0.183594 0.221875 0.187500 0.250000
1 0.464844 0.678906 0.187500 0.250000
4 0.250781 0.869531 0.187500 0.250000
9 0.817969 0.636719 0.187500 0.250000
26 0.267969 0.603906 0.187500 0.250000
28 0.884375 0.384375 0.187500 0.250000
33 0.617188 0.821094 0.187500 0.250000
20 0.536719 0.125781 0.187500 0.250000
29 0.375000 0.192969 0.187500 0.250000
29 0.695312 0.137500 0.187500 0.250000
32 0.110937 0.585156 0.187500 0.250000
