5 0.175000 0.281250 0.187500 0.250000
31 0.801562 0.846875 0.187500 0.250000
30 0.150781 0.614062 0.187500 0.250000
25 0.864062 0.524219 0.187500 0.250000
20 0.544531 0.229687 0.187500 0.250000
17 0.301563 0.685937 0.187500 0.250000
18 0.566406 0.750000 0.187500 0.250000
27 0.344531 0.286719 0.187500 0.250000
15 0.795312 0.223438 0.187500 0.250000
10 0.711719 0.489844 0.187500 0.250000
13 0.530469 0.555469 0.187500 0.250000
5 0.096094 0.844531 0.187500 0.250000
22 0.428906 0.842969 0.187500 0.250000
