2 0.903125 0.777344 0.187500 0.250000
20 0.493750 0.546875 0.187500 0.250000
18 0.365625 0.196094 0.187500 0.250000
22 0.360156 0.833594 0.187500 0.250000
21 0.842969 0.417969 0.187500 0.250000
17 0.671094 0.555469 0.187500 0.250000
7 0.135937 0.196875 0.187500 0.250000
16 0.728125 0.799219 0.187500 0.250000
22 0.510156 0.338281 0.187500 0.250000
28 0.132031 0.690625 0.187500 0.250000
9 0.751563 0.177344 0.187500 0.250000
10 0.267188 0.585938 0.187500 0.250000
22 0.573438 0.814063 0.187500 0.250000
