12 0.190625 0.424219 0.187500 0.250000
20 0.539062 0.498437 0.187500 0.250000
14 0.246875 0.138281 0.187500 0.250000
7 0.339844 0.562500 0.187500 0.250000
11 0.464844 0.140625 0.187500 0.250000
0 0.632812 0.685156 0.187500 0.250000
30 0.785937 0.444531 0.187500 0.250000
14 0.180469 0.725781 0.187500 0.250000
33 0.868750 0.228906 0.187500 0.250000
0 0.474219 0.688281 0.187500 0.250000
11 0.653906 0.240625 0.187500 0.250000
14 0.358594 0.310937 0.187500 0.250000
26 0.803125 0.747656 0.187500 0.250000
