32 0.428125 0.352344 0.187500 0.250000
17 0.400000 0.695312 0.187500 0.250000
16 0.596875 0.363281 0.187500 0.250000
23 0.217188 0.460938 0.187500 0.250000
22 0.196875 0.764062 0.187500 0.250000
6 0.819531 0.588281 0.187500 0.250000
15 0.635938 0.814063 0.187500 0.250000
0 0.767188 0.221875 0.187500 0.250000
2 0.317188 0.164844 0.187500 0.250000
33 0.591406 0.618750 0.187500 0.250000
12 0.158594 0.238281 0.187500 0.250000
21 0.809375 0.820312 0.187500 0.250000
12 0.574219 0.135937 0.187500 0.250000
3 0.487500 0.861719 0.187500 0.250000
