13 0.140625 0.235156 0.187500 0.250000
25 0.475781 0.497656 0.187500 0.250000
15 0.871094 0.466406 0.187500 0.250000
16 0.339062 0.299219 0.187500 0.250000
3 0.224219 0.508594 0.187500 0.250000
11 0.859375 0.193750 0.187500 0.250000
21 0.682031 0.678125 0.187500 0.250000
29 0.717187 0.429688 0.187500 0.250000
1 0.494531 0.296094 0.187500 0.250000
2 0.876563 0.679688 0.187500 0.250000
16 0.460156 0.719531 0.187500 0.250000
24 0.196875 0.766406 0.187500 0.250000
0 0.700000 0.217969 0.187500 0.250000
