26 0.320312 0.231250 0.187500 0.250000
25 0.721875 0.645312 0.187500 0.250000
22 0.547656 0.792969 0.187500 0.250000
23 0.887500 0.850781 0.187500 0.250000
18 0.140625 0.504687 0.187500 0.250000
28 0.645312 0.144531 0.187500 0.250000
19 0.158594 0.185938 0.187500 0.250000
23 0.523438 0.538281 0.187500 0.250000
28 0.690625 0.362500 0.187500 0.250000
10 0.382031 0.772656 0.187500 0.250000
0 0.890625 0.278125 0.187500 0.250000
33 0.883594 0.514062 0.187500 0.250000
20 0.695312 0.874219 0.187500 0.250000
25 0.310156 0.526563 0.187500 0.250000
