19 0.428906 0.647656 0.187500 0.250000
33 0.741406 0.314063 0.187500 0.250000
20 0.731250 0.676562 0.187500 0.250000
18 0.246094 0.329688 0.187500 0.250000
21 0.449219 0.403906 0.187500 0.250000
20 0.367188 0.839063 0.187500 0.250000
3 0.828906 0.486719 0.187500 0.250000
33 0.428125 0.171875 0.187500 0.250000
15 0.525781 0.803906 0.187500 0.250000
13 0.132031 0.175000 0.187500 0.250000
20 0.129688 0.810937 0.187500 0.250000
14 0.840625 0.135156 0.187500 0.250000
11 0.906250 0.853906 0.187500 0.250000
2 0.206250 0.590625 0.187500 0.250000
