4 0.893750 0.171875 0.187500 0.250000
27 0.367188 0.578125 0.187500 0.250000
24 0.135937 0.132812 0.187500 0.250000
25 0.416406 0.353125 0.187500 0.250000
0 0.585156 0.870313 0.187500 0.250000
24 0.334375 0.804688 0.187500 0.250000
2 0.851562 0.407031 0.187500 0.250000
3 0.187500 0.611719 0.187500 0.250000
12 0.572656 0.370312 0.187500 0.250000
33 0.635938 0.140625 0.187500 0.250000
9 0.713281 0.693750 0.187500 0.250000
18 0.896875 0.616406 0.187500 0.250000
9 0.160156 0.817187 0.187500 0.250000
14 0.306250 0.210938 0.187500 0.250000
