5 0.694531 0.728906 0.187500 0.250000
20 0.793750 0.434375 0.187500 0.250000
15 0.433594 0.421875 0.187500 0.250000
2 0.262500 0.175781 0.187500 0.250000
22 0.362500 0.797656 0.187500 0.250000
23 0.221094 0.550000 0.187500 0.250000
17 0.617188 0.428906 0.187500 0.250000
22 0.552344 0.187500 0.187500 0.250000
27 0.164062 0.818750 0.187500 0.250000
11 0.895312 0.625000 0.187500 0.250000
5 0.811719 0.864062 0.187500 0.250000
23 0.709375 0.165625 0.187500 0.250000
21 0.509375 0.628125 0.187500 0.250000
12 0.896094 0.263281 0.187500 0.250000
