8 0.276562 0.617188 0.187500 0.250000
23 0.225781 0.846094 0.187500 0.250000
9 0.727344 0.633594 0.187500 0.250000
12 0.260937 0.245312 0.187500 0.250000
10 0.878125 0.468750 0.187500 0.250000
13 0.658594 0.337500 0.187500 0.250000
5 0.565625 0.638281 0.187500 0.250000
19 0.415625 0.282031 0.187500 0.250000
3 0.417969 0.682813 0.187500 0.250000
17 0.132031 0.671094 0.187500 0.250000
6 0.751563 0.171875 0.187500 0.250000
11 0.121094 0.140625 0.187500 0.250000
13 0.151562 0.403125 0.187500 0.250000
14 0.890625 0.810937 0.187500 0.250000
