6 0.120313 0.827344 0.187500 0.250000
20 0.531250 0.671875 0.187500 0.250000
11 0.769531 0.435937 0.187500 0.250000
9 0.358594 0.335156 0.187500 0.250000
7 0.331250 0.826562 0.187500 0.250000
22 0.112500 0.182031 0.187500 0.250000
14 0.621094 0.303906 0.187500 0.250000
3 0.771875 0.172656 0.187500 0.250000
5 0.870313 0.778125 0.187500 0.250000
33 0.661719 0.841406 0.187500 0.250000
2 0.250000 0.508594 0.187500 0.250000
26 0.508594 0.464062 0.187500 0.250000
6 0.897656 0.286719 0.187500 0.250000
5 0.381250 0.132812 0.187500 0.250000
