9 0.228906 0.219531 0.187500 0.250000
26 0.593750 0.633594 0.187500 0.250000
17 0.536719 0.327344 0.187500 0.250000
29 0.300000 0.587500 0.187500 0.250000
19 0.691406 0.146875 0.187500 0.250000
27 0.857031 0.662500 0.187500 0.250000
18 0.450781 0.846875 0.187500 0.250000
11 0.818750 0.418750 0.187500 0.250000
33 0.876563 0.154688 0.187500 0.250000
6 0.728906 0.867969 0.187500 0.250000
2 0.116406 0.818750 0.187500 0.250000
25 0.105469 0.412500 0.187500 0.250000
0 0.421875 0.177344 0.187500 0.250000
