22 0.839844 0.730469 0.187500 0.250000
10 0.130469 0.378906 0.187500 0.250000
24 0.355469 0.215625 0.187500 0.250000
11 0.131250 0.696875 0.187500 0.250000
25 0.610156 0.501563 0.187500 0.250000
2 0.310937 0.446094 0.187500 0.250000
13 0.594531 0.153906 0.187500 0.250000
24 0.852344 0.155469 0.187500 0.250000
30 0.509375 0.746875 0.187500 0.250000
11 0.744531 0.350781 0.187500 0.250000
13 0.271094 0.828125 0.187500 0.250000
16 0.901563 0.422656 0.187500 0.250000
29 0.434375 0.567969 0.187500 0.250000
5 0.483594 0.350781 0.187500 0.250000
