24 0.744531 0.532813 0.187500 0.250000
0 0.537500 0.670312 0.187500 0.250000
14 0.206250 0.362500 0.187500 0.250000
9 0.324219 0.864844 0.187500 0.250000
22 0.438281 0.326562 0.187500 0.250000
0 0.629687 0.392969 0.187500 0.250000
19 0.310937 0.630469 0.187500 0.250000
23 0.819531 0.265625 0.187500 0.250000
14 0.678125 0.774219 0.187500 0.250000
16 0.830469 0.702344 0.187500 0.250000
28 0.324219 0.176563 0.187500 0.250000
17 0.566406 0.160156 0.187500 0.250000
32 0.151562 0.750000 0.187500 0.250000
