10 0.252344 0.596875 0.187500 0.250000
28 0.557813 0.282813 0.187500 0.250000
23 0.631250 0.773438 0.187500 0.250000
6 0.847656 0.265625 0.187500 0.250000
12 0.142187 0.253906 0.187500 0.250000
1 0.790625 0.801562 0.187500 0.250000
24 0.843750 0.553125 0.187500 0.250000
25 0.096875 0.860938 0.187500 0.250000
0 0.445312 0.784375 0.187500 0.250000
0 0.396094 0.449219 0.187500 0.250000
28 0.096875 0.596875 0.187500 0.250000
15 0.667969 0.447656 0.187500 0.250000
26 0.661719 0.127344 0.187500 0.250000
2 0.403906 0.239844 0.187500 0.250000
