26 0.189844 0.707812 0.187500 0.250000
25 0.790625 0.446875 0.187500 0.250000
26 0.185938 0.380469 0.187500 0.250000
9 0.880469 0.271094 0.187500 0.250000
9 0.417969 0.513281 0.187500 0.250000
25 0.835938 0.689063 0.187500 0.250000
21 0.629687 0.358594 0.187500 0.250000
24 0.320312 0.842187 0.187500 0.250000
9 0.521875 0.823438 0.187500 0.250000
18 0.426563 0.139063 0.187500 0.250000
7 0.171094 0.178125 0.187500 0.250000
29 0.638281 0.641406 0.187500 0.250000
15 0.328125 0.314063 0.187500 0.250000
4 0.739844 0.136719 0.187500 0.250000
