31 0.472656 0.653125 0.187500 0.250000
9 0.873437 0.423438 0.187500 0.250000
1 0.594531 0.795312 0.187500 0.250000
7 0.766406 0.186719 0.187500 0.250000
9 0.242188 0.328125 0.187500 0.250000
31 0.556250 0.252344 0.187500 0.250000
31 0.254688 0.718750 0.187500 0.250000
9 0.378906 0.169531 0.187500 0.250000
27 0.794531 0.598437 0.187500 0.250000
18 0.122656 0.557813 0.187500 0.250000
4 0.789062 0.871094 0.187500 0.250000
1 0.100781 0.141406 0.187500 0.250000
10 0.707812 0.418750 0.187500 0.250000
16 0.409375 0.467969 0.187500 0.250000
