31 0.876563 0.333594 0.187500 0.250000
15 0.557813 0.344531 0.187500 0.250000
27 0.342969 0.339062 0.187500 0.250000
32 0.156250 0.536719 0.187500 0.250000
26 0.801562 0.529687 0.187500 0.250000
16 0.672656 0.710938 0.187500 0.250000
3 0.547656 0.546875 0.187500 0.250000
28 0.301563 0.711719 0.187500 0.250000
1 0.446094 0.865625 0.187500 0.250000
8 0.121094 0.289844 0.187500 0.250000
21 0.256250 0.129688 0.187500 0.250000
6 0.728906 0.236719 0.187500 0.250000
19 0.125781 0.778125 0.187500 0.250000
33 0.883594 0.746094 0.187500 0.250000
