25 0.604688 0.776563 0.187500 0.250000
19 0.278906 0.824219 0.187500 0.250000
5 0.887500 0.321094 0.187500 0.250000
21 0.636719 0.311719 0.187500 0.250000
0 0.112500 0.125000 0.187500 0.250000
20 0.290625 0.332031 0.187500 0.250000
27 0.764062 0.620313 0.187500 0.250000
18 0.454688 0.263281 0.187500 0.250000
10 0.231250 0.607031 0.187500 0.250000
9 0.396094 0.646875 0.187500 0.250000
16 0.880469 0.825000 0.187500 0.250000
9 0.573438 0.557031 0.187500 0.250000
32 0.722656 0.140625 0.187500 0.250000
27 0.107031 0.457031 0.187500 0.250000
