24 0.392188 0.589844 0.187500 0.250000
6 0.434375 0.784375 0.187500 0.250000
0 0.147656 0.435937 0.187500 0.250000
23 0.818750 0.343750 0.187500 0.250000
0 0.810156 0.798438 0.187500 0.250000
19 0.665625 0.726562 0.187500 0.250000
28 0.167969 0.235156 0.187500 0.250000
21 0.902344 0.548438 0.187500 0.250000
26 0.648438 0.431250 0.187500 0.250000
21 0.409375 0.246094 0.187500 0.250000
20 0.268750 0.747656 0.187500 0.250000
8 0.621875 0.222656 0.187500 0.250000
4 0.117188 0.822656 0.187500 0.250000
