5 0.617188 0.353125 0.187500 0.250000
24 0.119531 0.265625 0.187500 0.250000
29 0.449219 0.605469 0.187500 0.250000
33 0.278906 0.282813 0.187500 0.250000
15 0.140625 0.620313 0.187500 0.250000
27 0.545312 0.147656 0.187500 0.250000
14 0.758594 0.135156 0.187500 0.250000
10 0.878906 0.311719 0.187500 0.250000
26 0.693750 0.626563 0.187500 0.250000
5 0.863281 0.772656 0.187500 0.250000
9 0.316406 0.730469 0.187500 0.250000
28 0.560937 0.829688 0.187500 0.250000
26 0.267188 0.510156 0.187500 0.250000
11 0.453906 0.330469 0.187500 0.250000
