11 0.467187 0.307031 0.187500 0.250000
27 0.175781 0.376563 0.187500 0.250000
7 0.501563 0.675000 0.187500 0.250000
19 0.348438 0.672656 0.187500 0.250000
25 0.242969 0.872656 0.187500 0.250000
25 0.800781 0.629687 0.187500 0.250000
30 0.831250 0.862500 0.187500 0.250000
3 0.114844 0.709375 0.187500 0.250000
25 0.281250 0.133594 0.187500 0.250000
17 0.725000 0.366406 0.187500 0.250000
28 0.606250 0.188281 0.187500 0.250000
1 0.659375 0.803125 0.187500 0.250000
9 0.900000 0.161719 0.187500 0.250000
31 0.109375 0.149219 0.187500 0.250000
