13 0.219531 0.817969 0.187500 0.250000
24 0.896875 0.403125 0.187500 0.250000
27 0.792969 0.611719 0.187500 0.250000
1 0.539062 0.682813 0.187500 0.250000
29 0.610156 0.173437 0.187500 0.250000
32 0.157031 0.206250 0.187500 0.250000
29 0.096094 0.526563 0.187500 0.250000
29 0.539844 0.419531 0.187500 0.250000
31 0.426563 0.186719 0.187500 0.250000
18 0.402344 0.844531 0.187500 0.250000
11 0.752344 0.293750 0.187500 0.250000
23 0.378906 0.385156 0.187500 0.250000
24 0.687500 0.850781 0.187500 0.250000
