16 0.581250 0.357031 0.187500 0.250000
6 0.198437 0.796094 0.187500 0.250000
3 0.214844 0.540625 0.187500 0.250000
4 0.471875 0.746094 0.187500 0.250000
6 0.400000 0.228906 0.187500 0.250000
12 0.824219 0.766406 0.187500 0.250000
25 0.726562 0.177344 0.187500 0.250000
0 0.867969 0.377344 0.187500 0.250000
13 0.418750 0.485938 0.187500 0.250000
25 0.696875 0.657813 0.187500 0.250000
10 0.275781 0.352344 0.187500 0.250000
3 0.348438 0.869531 0.187500 0.250000
15 0.205469 0.166406 0.187500 0.250000
