24 0.889844 0.513281 0.187500 0.250000
0 0.892969 0.757812 0.187500 0.250000
15 0.591406 0.389844 0.187500 0.250000
0 0.567969 0.174219 0.187500 0.250000
8 0.246875 0.815625 0.187500 0.250000
23 0.425781 0.826562 0.187500 0.250000
21 0.191406 0.414062 0.187500 0.250000
11 0.789844 0.346875 0.187500 0.250000
27 0.392969 0.631250 0.187500 0.250000
6 0.186719 0.188281 0.187500 0.250000
24 0.582812 0.802344 0.187500 0.250000
13 0.397656 0.416406 0.187500 0.250000
9 0.667969 0.596875 0.187500 0.250000
5 0.362500 0.196875 0.187500 0.250000
