30 0.123438 0.731250 0.187500 0.250000
22 0.471094 0.325000 0.187500 0.250000
27 0.653906 0.210938 0.187500 0.250000
24 0.359375 0.875000 0.187500 0.250000
21 0.850781 0.203125 0.187500 0.250000
16 0.353906 0.551562 0.187500 0.250000
29 0.518750 0.727344 0.187500 0.250000
22 0.689844 0.527344 0.187500 0.250000
33 0.264062 0.266406 0.187500 0.250000
33 0.779687 0.756250 0.187500 0.250000
31 0.173437 0.522656 0.187500 0.250000
13 0.879687 0.468750 0.187500 0.250000
16 0.531250 0.510156 0.187500 0.250000
31 0.389062 0.148438 0.187500 0.250000
