9 0.632031 0.389844 0.187500 0.250000
29 0.356250 0.153125 0.187500 0.250000
12 0.098437 0.219531 0.187500 0.250000
20 0.784375 0.596875 0.187500 0.250000
20 0.905469 0.192188 0.187500 0.250000
12 0.224219 0.567187 0.187500 0.250000
22 0.148438 0.853906 0.187500 0.250000
22 0.858594 0.778125 0.187500 0.250000
5 0.463281 0.872656 0.187500 0.250000
10 0.883594 0.392188 0.187500 0.250000
29 0.512500 0.608594 0.187500 0.250000
29 0.734375 0.125000 0.187500 0.250000
14 0.524219 0.232031 0.187500 0.250000
2 0.694531 0.779687 0.187500 0.250000
