6 0.216406 0.536719 0.187500 0.250000
13 0.611719 0.782813 0.187500 0.250000
24 0.209375 0.839063 0.187500 0.250000
18 0.383594 0.127344 0.187500 0.250000
7 0.667188 0.595313 0.187500 0.250000
16 0.721875 0.144531 0.187500 0.250000
12 0.182812 0.235937 0.187500 0.250000
5 0.873437 0.203906 0.187500 0.250000
27 0.514844 0.278125 0.187500 0.250000
4 0.351562 0.763281 0.187500 0.250000
3 0.900781 0.425781 0.187500 0.250000
28 0.892969 0.760938 0.187500 0.250000
17 0.335156 0.371094 0.187500 0.250000
22 0.395313 0.560937 0.187500 0.250000
