11 0.146875 0.174219 0.187500 0.250000
20 0.439063 0.825000 0.187500 0.250000
32 0.481250 0.535937 0.187500 0.250000
2 0.349219 0.224219 0.187500 0.250000
0 0.136719 0.799219 0.187500 0.250000
20 0.815625 0.720313 0.187500 0.250000
18 0.705469 0.342969 0.187500 0.250000
21 0.633594 0.800781 0.187500 0.250000
16 0.283594 0.607812 0.187500 0.250000
6 0.886719 0.204687 0.187500 0.250000
17 0.144531 0.478125 0.187500 0.250000
25 0.853125 0.439844 0.187500 0.250000
18 0.532813 0.274219 0.187500 0.250000
6 0.285938 0.855469 0.187500 0.250000
