7 0.598437 0.325000 0.187500 0.250000
5 0.304688 0.740625 0.187500 0.250000
33 0.161719 0.419531 0.187500 0.250000
10 0.746875 0.478125 0.187500 0.250000
24 0.681250 0.814063 0.187500 0.250000
25 0.418750 0.453125 0.187500 0.250000
20 0.386719 0.180469 0.187500 0.250000
24 0.483594 0.754687 0.187500 0.250000
2 0.121094 0.875000 0.187500 0.250000
26 0.851562 0.320312 0.187500 0.250000
22 0.735938 0.148438 0.187500 0.250000
7 0.903125 0.678906 0.187500 0.250000
29 0.129688 0.178906 0.187500 0.250000
