23 0.457031 0.318750 0.187500 0.250000
6 0.292187 0.191406 0.187500 0.250000
4 0.518750 0.671094 0.187500 0.250000
29 0.150781 0.864062 0.187500 0.250000
8 0.280469 0.655469 0.187500 0.250000
27 0.831250 0.312500 0.187500 0.250000
32 0.650781 0.814844 0.187500 0.250000
10 0.101562 0.145313 0.187500 0.250000
15 0.110156 0.362500 0.187500 0.250000
19 0.685156 0.374219 0.187500 0.250000
29 0.899219 0.782031 0.187500 0.250000
14 0.730469 0.610938 0.187500 0.250000
25 0.342187 0.854688 0.187500 0.250000
