25 0.215625 0.339844 0.187500 0.250000
26 0.154688 0.836719 0.187500 0.250000
0 0.781250 0.523438 0.187500 0.250000
12 0.369531 0.867969 0.187500 0.250000
28 0.458594 0.511719 0.187500 0.250000
25 0.557813 0.325000 0.187500 0.250000
10 0.614062 0.760156 0.187500 0.250000
17 0.375000 0.282031 0.187500 0.250000
33 0.843750 0.745313 0.187500 0.250000
31 0.699219 0.130469 0.187500 0.250000
31 0.865625 0.250000 0.187500 0.250000
31 0.158594 0.558594 0.187500 0.250000
14 0.130469 0.167969 0.187500 0.250000
