30 0.653125 0.342187 0.187500 0.250000
30 0.578906 0.817969 0.187500 0.250000
7 0.360938 0.577344 0.187500 0.250000
24 0.505469 0.177344 0.187500 0.250000
30 0.180469 0.664844 0.187500 0.250000
20 0.186719 0.436719 0.187500 0.250000
25 0.385156 0.838281 0.187500 0.250000
29 0.886719 0.854688 0.187500 0.250000
7 0.807031 0.437500 0.187500 0.250000
16 0.524219 0.448437 0.187500 0.250000
28 0.896094 0.639844 0.187500 0.250000
12 0.671094 0.622656 0.187500 0.250000
9 0.777344 0.204687 0.187500 0.250000
25 0.372656 0.279687 0.187500 0.250000
