31 0.489063 0.716406 0.187500 0.250000
21 0.472656 0.307031 0.187500 0.250000
11 0.309375 0.782031 0.187500 0.250000
31 0.839844 0.725781 0.187500 0.250000
4 0.721094 0.291406 0.187500 0.250000
28 0.124219 0.228125 0.187500 0.250000
2 0.607812 0.502344 0.187500 0.250000
15 0.308594 0.309375 0.187500 0.250000
18 0.363281 0.499219 0.187500 0.250000
12 0.881250 0.271875 0.187500 0.250000
13 0.100781 0.469531 0.187500 0.250000
12 0.113281 0.689063 0.187500 0.250000
11 0.694531 0.831250 0.187500 0.250000
8 0.837500 0.488281 0.187500 0.250000
