24 0.221094 0.622656 0.187500 0.250000
15 0.811719 0.489063 0.187500 0.250000
19 0.415625 0.474219 0.187500 0.250000
32 0.636719 0.205469 0.187500 0.250000
14 0.888281 0.742969 0.187500 0.250000
4 0.600000 0.823438 0.187500 0.250000
28 0.418750 0.203125 0.187500 0.250000
7 0.578906 0.389844 0.187500 0.250000
25 0.233594 0.289062 0.187500 0.250000
7 0.100000 0.133594 0.187500 0.250000
20 0.107813 0.766406 0.187500 0.250000
5 0.345313 0.792188 0.187500 0.250000
15 0.720313 0.666406 0.187500 0.250000
23 0.817969 0.218750 0.187500 0.250000
