7 0.812500 0.509375 0.187500 0.250000
31 0.675781 0.676562 0.187500 0.250000
27 0.274219 0.771875 0.187500 0.250000
10 0.146094 0.160938 0.187500 0.250000
29 0.432812 0.771094 0.187500 0.250000
24 0.575000 0.259375 0.187500 0.250000
26 0.250781 0.451562 0.187500 0.250000
20 0.323437 0.126562 0.187500 0.250000
8 0.110937 0.541406 0.187500 0.250000
3 0.906250 0.250781 0.187500 0.250000
12 0.818750 0.871875 0.187500 0.250000
32 0.442969 0.462500 0.187500 0.250000
6 0.095312 0.794531 0.187500 0.250000
4 0.685156 0.400000 0.187500 0.250000
