27 0.408594 0.149219 0.187500 0.250000
28 0.852344 0.201563 0.187500 0.250000
6 0.228906 0.374219 0.187500 0.250000
10 0.491406 0.661719 0.187500 0.250000
8 0.134375 0.611719 0.187500 0.250000
5 0.792188 0.658594 0.187500 0.250000
12 0.560156 0.235937 0.187500 0.250000
9 0.671875 0.422656 0.187500 0.250000
14 0.481250 0.450781 0.187500 0.250000
5 0.828906 0.444531 0.187500 0.250000
21 0.203125 0.807813 0.187500 0.250000
2 0.775000 0.871875 0.187500 0.250000
21 0.144531 0.190625 0.187500 0.250000
18 0.338281 0.625781 0.187500 0.250000
