11 0.147656 0.783594 0.187500 0.250000
29 0.175781 0.137500 0.187500 0.250000
3 0.561719 0.397656 0.187500 0.250000
21 0.170313 0.528906 0.187500 0.250000
25 0.707812 0.684375 0.187500 0.250000
7 0.471875 0.657813 0.187500 0.250000
21 0.844531 0.382031 0.187500 0.250000
10 0.850000 0.596094 0.187500 0.250000
6 0.596875 0.160156 0.187500 0.250000
26 0.542188 0.840625 0.187500 0.250000
9 0.342969 0.436719 0.187500 0.250000
5 0.897656 0.153125 0.187500 0.250000
19 0.281250 0.688281 0.187500 0.250000
23 0.331250 0.134375 0.187500 0.250000
