6 0.587500 0.222656 0.187500 0.250000
2 0.864062 0.628125 0.187500 0.250000
28 0.225781 0.824219 0.187500 0.250000
8 0.129688 0.160156 0.187500 0.250000
13 0.500781 0.560937 0.187500 0.250000
19 0.297656 0.473438 0.187500 0.250000
32 0.744531 0.139063 0.187500 0.250000
31 0.694531 0.600000 0.187500 0.250000
0 0.423438 0.815625 0.187500 0.250000
20 0.427344 0.264062 0.187500 0.250000
25 0.817187 0.382812 0.187500 0.250000
3 0.684375 0.840625 0.187500 0.250000
14 0.901563 0.832031 0.187500 0.250000
4 0.112500 0.638281 0.187500 0.250000
