22 0.866406 0.752344 0.187500 0.250000
2 0.646875 0.541406 0.187500 0.250000
21 0.176563 0.389844 0.187500 0.250000
27 0.748437 0.231250 0.187500 0.250000
27 0.409375 0.428906 0.187500 0.250000
26 0.383594 0.205469 0.187500 0.250000
0 0.100781 0.653906 0.187500 0.250000
21 0.335938 0.714063 0.187500 0.250000
12 0.858594 0.543750 0.187500 0.250000
16 0.543750 0.192188 0.187500 0.250000
32 0.561719 0.800781 0.187500 0.250000
13 0.184375 0.181250 0.187500 0.250000
18 0.153906 0.871875 0.187500 0.250000
