7 0.100781 0.358594 0.187500 0.250000
22 0.615625 0.815625 0.187500 0.250000
22 0.313281 0.763281 0.187500 0.250000
6 0.297656 0.484375 0.187500 0.250000
3 0.650000 0.286719 0.187500 0.250000
4 0.458594 0.326562 0.187500 0.250000
28 0.844531 0.327344 0.187500 0.250000
8 0.526563 0.604688 0.187500 0.250000
32 0.195312 0.194531 0.187500 0.250000
20 0.817187 0.536719 0.187500 0.250000
10 0.864062 0.736719 0.187500 0.250000
27 0.123438 0.710156 0.187500 0.250000
28 0.788281 0.136719 0.187500 0.250000
7 0.533594 0.144531 0.187500 0.250000
