5 0.716406 0.714063 0.187500 0.250000
3 0.242969 0.130469 0.187500 0.250000
21 0.198437 0.589063 0.187500 0.250000
26 0.482031 0.264844 0.187500 0.250000
16 0.441406 0.474219 0.187500 0.250000
6 0.832031 0.530469 0.187500 0.250000
21 0.721094 0.300000 0.187500 0.250000
16 0.872656 0.762500 0.187500 0.250000
21 0.246875 0.810156 0.187500 0.250000
31 0.095312 0.866406 0.187500 0.250000
2 0.394531 0.733594 0.187500 0.250000
12 0.600000 0.563281 0.187500 0.250000
29 0.846875 0.162500 0.187500 0.250000
27 0.167969 0.379688 0.187500 0.250000
