1 0.493750 0.793750 0.187500 0.250000
16 0.657813 0.647656 0.187500 0.250000
9 0.703125 0.246094 0.187500 0.250000
12 0.192969 0.182031 0.187500 0.250000
16 0.885938 0.737500 0.187500 0.250000
7 0.183594 0.785156 0.187500 0.250000
25 0.326562 0.705469 0.187500 0.250000
14 0.096094 0.475781 0.187500 0.250000
13 0.250781 0.463281 0.187500 0.250000
28 0.486719 0.528125 0.187500 0.250000
4 0.710938 0.867188 0.187500 0.250000
26 0.463281 0.243750 0.187500 0.250000
9 0.780469 0.485938 0.187500 0.250000
11 0.892969 0.279687 0.187500 0.250000
