9 0.293750 0.717187 0.187500 0.250000
22 0.877344 0.856250 0.187500 0.250000
26 0.107813 0.716406 0.187500 0.250000
14 0.760156 0.542969 0.187500 0.250000
32 0.632812 0.785156 0.187500 0.250000
27 0.677344 0.140625 0.187500 0.250000
32 0.414062 0.848437 0.187500 0.250000
26 0.103125 0.229687 0.187500 0.250000
23 0.320312 0.417187 0.187500 0.250000
6 0.882031 0.420312 0.187500 0.250000
12 0.852344 0.157031 0.187500 0.250000
14 0.355469 0.142187 0.187500 0.250000
1 0.168750 0.466406 0.187500 0.250000
17 0.590625 0.578906 0.187500 0.250000
