32 0.835938 0.147656 0.187500 0.250000
31 0.398438 0.557031 0.187500 0.250000
3 0.669531 0.188281 0.187500 0.250000
27 0.461719 0.205469 0.187500 0.250000
18 0.766406 0.807031 0.187500 0.250000
1 0.581250 0.411719 0.187500 0.250000
14 0.559375 0.726562 0.187500 0.250000
22 0.200781 0.264062 0.187500 0.250000
13 0.834375 0.352344 0.187500 0.250000
14 0.100781 0.704688 0.187500 0.250000
11 0.150000 0.475781 0.187500 0.250000
16 0.267188 0.814844 0.187500 0.250000
11 0.754687 0.599219 0.187500 0.250000
