4 0.253125 0.554688 0.187500 0.250000
19 0.459375 0.763281 0.187500 0.250000
11 0.101562 0.580469 0.187500 0.250000
15 0.441406 0.513281 0.187500 0.250000
33 0.474219 0.253906 0.187500 0.250000
0 0.657031 0.146875 0.187500 0.250000
20 0.112500 0.801562 0.187500 0.250000
19 0.764062 0.619531 0.187500 0.250000
1 0.140625 0.310937 0.187500 0.250000
1 0.904687 0.153125 0.187500 0.250000
23 0.887500 0.842969 0.187500 0.250000
29 0.612500 0.485156 0.187500 0.250000
2 0.321094 0.853125 0.187500 0.250000
9 0.804688 0.382031 0.187500 0.250000
