22 0.425000 0.749219 0.187500 0.250000
16 0.522656 0.443750 0.187500 0.250000
22 0.687500 0.585938 0.187500 0.250000
17 0.848437 0.506250 0.187500 0.250000
25 0.889844 0.225000 0.187500 0.250000
6 0.271875 0.277344 0.187500 0.250000
14 0.503906 0.198437 0.187500 0.250000
24 0.666406 0.285156 0.187500 0.250000
5 0.103906 0.603125 0.187500 0.250000
16 0.862500 0.787500 0.187500 0.250000
26 0.584375 0.766406 0.187500 0.250000
9 0.189062 0.800781 0.187500 0.250000
30 0.163281 0.130469 0.187500 0.250000
