21 0.432812 0.628906 0.187500 0.250000
27 0.383594 0.164062 0.187500 0.250000
19 0.755469 0.824219 0.187500 0.250000
15 0.594531 0.309375 0.187500 0.250000
25 0.903125 0.488281 0.187500 0.250000
20 0.369531 0.867188 0.187500 0.250000
27 0.666406 0.507031 0.187500 0.250000
21 0.574219 0.790625 0.187500 0.250000
8 0.200781 0.528125 0.187500 0.250000
27 0.095312 0.833594 0.187500 0.250000
21 0.805469 0.157031 0.187500 0.250000
28 0.183594 0.166406 0.187500 0.250000
6 0.446875 0.408594 0.187500 0.250000
