15 0.242188 0.480469 0.187500 0.250000
4 0.274219 0.807813 0.187500 0.250000
33 0.660156 0.132031 0.187500 0.250000
21 0.629687 0.391406 0.187500 0.250000
30 0.832812 0.463281 0.187500 0.250000
6 0.637500 0.651563 0.187500 0.250000
7 0.364063 0.158594 0.187500 0.250000
25 0.464844 0.534375 0.187500 0.250000
15 0.880469 0.679688 0.187500 0.250000
16 0.513281 0.198437 0.187500 0.250000
1 0.446875 0.864062 0.187500 0.250000
33 0.100000 0.578906 0.187500 0.250000
2 0.868750 0.253125 0.187500 0.250000
24 0.110156 0.836719 0.187500 0.250000
