15 0.121094 0.835938 0.187500 0.250000
22 0.436719 0.573438 0.187500 0.250000
8 0.112500 0.580469 0.187500 0.250000
17 0.441406 0.225781 0.187500 0.250000
29 0.691406 0.589063 0.187500 0.250000
9 0.621875 0.142187 0.187500 0.250000
16 0.790625 0.378125 0.187500 0.250000
13 0.107813 0.345313 0.187500 0.250000
12 0.814063 0.139844 0.187500 0.250000
1 0.330469 0.728125 0.187500 0.250000
19 0.853125 0.601562 0.187500 0.250000
30 0.630469 0.828125 0.187500 0.250000
23 0.328906 0.408594 0.187500 0.250000
