25 0.647656 0.452344 0.187500 0.250000
2 0.853906 0.775781 0.187500 0.250000
20 0.135937 0.826562 0.187500 0.250000
31 0.368750 0.648438 0.187500 0.250000
32 0.307812 0.368750 0.187500 0.250000
17 0.744531 0.146094 0.187500 0.250000
24 0.875781 0.407031 0.187500 0.250000
17 0.337500 0.153125 0.187500 0.250000
7 0.162500 0.176563 0.187500 0.250000
32 0.718750 0.644531 0.187500 0.250000
22 0.481250 0.831250 0.187500 0.250000
20 0.103906 0.489063 0.187500 0.250000
28 0.639844 0.821875 0.187500 0.250000
4 0.600781 0.202344 0.187500 0.250000
