2 0.278906 0.406250 0.187500 0.250000
25 0.847656 0.367188 0.187500 0.250000
26 0.743750 0.622656 0.187500 0.250000
33 0.539062 0.553906 0.187500 0.250000
7 0.413281 0.779687 0.187500 0.250000
5 0.344531 0.139063 0.187500 0.250000
0 0.263281 0.687500 0.187500 0.250000
30 0.699219 0.331250 0.187500 0.250000
32 0.128906 0.191406 0.187500 0.250000
18 0.811719 0.133594 0.187500 0.250000
24 0.563281 0.199219 0.187500 0.250000
13 0.893750 0.757031 0.187500 0.250000
30 0.422656 0.314063 0.187500 0.250000
4 0.110937 0.792188 0.187500 0.250000
