15 0.882031 0.545312 0.187500 0.250000
6 0.596875 0.503906 0.187500 0.250000
23 0.716406 0.721094 0.187500 0.250000
28 0.181250 0.324219 0.187500 0.250000
25 0.332813 0.689844 0.187500 0.250000
9 0.101562 0.857812 0.187500 0.250000
27 0.843750 0.159375 0.187500 0.250000
6 0.614844 0.278906 0.187500 0.250000
21 0.135937 0.551562 0.187500 0.250000
15 0.748437 0.387500 0.187500 0.250000
6 0.361719 0.147656 0.187500 0.250000
10 0.560937 0.850781 0.187500 0.250000
25 0.448437 0.401562 0.187500 0.250000
27 0.903906 0.760156 0.187500 0.250000
