27 0.149219 0.620313 0.187500 0.250000
23 0.905469 0.264062 0.187500 0.250000
20 0.717969 0.626563 0.187500 0.250000
8 0.446875 0.769531 0.187500 0.250000
4 0.370312 0.397656 0.187500 0.250000
9 0.610156 0.145313 0.187500 0.250000
18 0.897656 0.803906 0.187500 0.250000
24 0.422656 0.202344 0.187500 0.250000
33 0.276562 0.763281 0.187500 0.250000
0 0.669531 0.431250 0.187500 0.250000
19 0.191406 0.366406 0.187500 0.250000
15 0.119531 0.150781 0.187500 0.250000
8 0.531250 0.538281 0.187500 0.250000
33 0.847656 0.515625 0.187500 0.250000
