9 0.248438 0.808594 0.187500 0.250000
32 0.162500 0.337500 0.187500 0.250000
22 0.818750 0.446094 0.187500 0.250000
33 0.903125 0.623437 0.187500 0.250000
15 0.182031 0.564063 0.187500 0.250000
23 0.520312 0.354687 0.187500 0.250000
9 0.636719 0.127344 0.187500 0.250000
3 0.348438 0.414062 0.187500 0.250000
8 0.842969 0.146094 0.187500 0.250000
30 0.622656 0.573438 0.187500 0.250000
12 0.221094 0.145313 0.187500 0.250000
26 0.773438 0.871875 0.187500 0.250000
6 0.415625 0.770312 0.187500 0.250000
6 0.400000 0.135937 0.187500 0.250000
