27 0.844531 0.399219 0.187500 0.250000
12 0.496875 0.219531 0.187500 0.250000
3 0.300000 0.441406 0.187500 0.250000
27 0.632812 0.622656 0.187500 0.250000
14 0.323437 0.183594 0.187500 0.250000
0 0.411719 0.632812 0.187500 0.250000
3 0.253906 0.834375 0.187500 0.250000
28 0.867969 0.603906 0.187500 0.250000
8 0.846875 0.135937 0.187500 0.250000
3 0.735156 0.827344 0.187500 0.250000
11 0.096875 0.284375 0.187500 0.250000
14 0.135156 0.678906 0.187500 0.250000
30 0.504687 0.810937 0.187500 0.250000
25 0.678906 0.364844 0.187500 0.250000
