7 0.545312 0.714844 0.187500 0.250000
5 0.776563 0.323437 0.187500 0.250000
21 0.777344 0.536719 0.187500 0.250000
19 0.715625 0.870313 0.187500 0.250000
6 0.460938 0.166406 0.187500 0.250000
29 0.428906 0.535937 0.187500 0.250000
33 0.164062 0.692187 0.187500 0.250000
17 0.821094 0.131250 0.187500 0.250000
3 0.285938 0.818750 0.187500 0.250000
12 0.614844 0.139063 0.187500 0.250000
30 0.228906 0.240625 0.187500 0.250000
18 0.875000 0.707812 0.187500 0.250000
12 0.625000 0.379688 0.187500 0.250000
0 0.101562 0.425781 0.187500 0.250000
