30 0.746875 0.528906 0.187500 0.250000
0 0.700781 0.849219 0.187500 0.250000
6 0.881250 0.842187 0.187500 0.250000
27 0.176563 0.191406 0.187500 0.250000
11 0.901563 0.406250 0.187500 0.250000
4 0.531250 0.150781 0.187500 0.250000
11 0.213281 0.479687 0.187500 0.250000
19 0.826562 0.175781 0.187500 0.250000
32 0.356250 0.840625 0.187500 0.250000
23 0.479687 0.571875 0.187500 0.250000
6 0.902344 0.628906 0.187500 0.250000
5 0.109375 0.695312 0.187500 0.250000
29 0.596875 0.436719 0.187500 0.250000
14 0.371875 0.221875 0.187500 0.250000
