22 0.741406 0.806250 0.187500 0.250000
24 0.175781 0.201563 0.187500 0.250000
4 0.768750 0.234375 0.187500 0.250000
18 0.365625 0.869531 0.187500 0.250000
26 0.428906 0.474219 0.187500 0.250000
19 0.487500 0.284375 0.187500 0.250000
16 0.462500 0.681250 0.187500 0.250000
27 0.262500 0.371875 0.187500 0.250000
2 0.875781 0.589844 0.187500 0.250000
33 0.241406 0.611719 0.187500 0.250000
30 0.100781 0.507031 0.187500 0.250000
25 0.664062 0.395313 0.187500 0.250000
1 0.636719 0.602344 0.187500 0.250000
