13 0.717969 0.693750 0.187500 0.250000
32 0.660937 0.417187 0.187500 0.250000
15 0.896094 0.334375 0.187500 0.250000
0 0.242188 0.700781 0.187500 0.250000
23 0.871094 0.744531 0.187500 0.250000
10 0.275781 0.139844 0.187500 0.250000
18 0.478906 0.441406 0.187500 0.250000
21 0.125781 0.392969 0.187500 0.250000
15 0.421875 0.860156 0.187500 0.250000
24 0.278125 0.460156 0.187500 0.250000
5 0.125000 0.169531 0.187500 0.250000
30 0.522656 0.676562 0.187500 0.250000
9 0.450781 0.147656 0.187500 0.250000
5 0.683594 0.204687 0.187500 0.250000
