25 0.685156 0.469531 0.187500 0.250000
18 0.269531 0.787500 0.187500 0.250000
2 0.102344 0.254688 0.187500 0.250000
11 0.703125 0.166406 0.187500 0.250000
22 0.881250 0.138281 0.187500 0.250000
30 0.422656 0.196094 0.187500 0.250000
21 0.648438 0.871094 0.187500 0.250000
24 0.411719 0.583594 0.187500 0.250000
9 0.584375 0.296094 0.187500 0.250000
31 0.840625 0.488281 0.187500 0.250000
0 0.177344 0.492188 0.187500 0.250000
6 0.807031 0.781250 0.187500 0.250000
3 0.297656 0.321875 0.187500 0.250000
15 0.444531 0.835156 0.187500 0.250000
