21 0.546094 0.125781 0.187500 0.250000
5 0.892969 0.345313 0.187500 0.250000
10 0.476562 0.312500 0.187500 0.250000
12 0.797656 0.164062 0.187500 0.250000
9 0.559375 0.606250 0.187500 0.250000
4 0.113281 0.495312 0.187500 0.250000
24 0.308594 0.150000 0.187500 0.250000
28 0.767188 0.608594 0.187500 0.250000
6 0.283594 0.859375 0.187500 0.250000
6 0.389844 0.566406 0.187500 0.250000
15 0.638281 0.294531 0.187500 0.250000
20 0.830469 0.803906 0.187500 0.250000
1 0.124219 0.710156 0.187500 0.250000
16 0.225781 0.335938 0.187500 0.250000
