26 0.864844 0.607812 0.187500 0.250000
7 0.249219 0.125781 0.187500 0.250000
19 0.722656 0.438281 0.187500 0.250000
20 0.821875 0.151562 0.187500 0.250000
11 0.161719 0.550000 0.187500 0.250000
28 0.437500 0.281250 0.187500 0.250000
11 0.134375 0.749219 0.187500 0.250000
7 0.600000 0.766406 0.187500 0.250000
22 0.503125 0.575781 0.187500 0.250000
5 0.328125 0.470313 0.187500 0.250000
16 0.864062 0.343750 0.187500 0.250000
19 0.439844 0.860938 0.187500 0.250000
8 0.142969 0.300000 0.187500 0.250000
26 0.659375 0.140625 0.187500 0.250000
