14 0.810937 0.514062 0.187500 0.250000
25 0.303906 0.215625 0.187500 0.250000
23 0.777344 0.854688 0.187500 0.250000
22 0.850781 0.264062 0.187500 0.250000
1 0.241406 0.476562 0.187500 0.250000
33 0.225781 0.841406 0.187500 0.250000
23 0.516406 0.811719 0.187500 0.250000
24 0.132031 0.261719 0.187500 0.250000
21 0.598437 0.386719 0.187500 0.250000
4 0.321875 0.656250 0.187500 0.250000
13 0.606250 0.125781 0.187500 0.250000
33 0.416406 0.382812 0.187500 0.250000
7 0.507812 0.579688 0.187500 0.250000
31 0.689844 0.652344 0.187500 0.250000
