25 0.146875 0.400000 0.187500 0.250000
17 0.098437 0.203906 0.187500 0.250000
22 0.524219 0.785156 0.187500 0.250000
16 0.789062 0.512500 0.187500 0.250000
31 0.276562 0.596875 0.187500 0.250000
7 0.773438 0.807813 0.187500 0.250000
7 0.644531 0.564844 0.187500 0.250000
23 0.419531 0.165625 0.187500 0.250000
33 0.683594 0.132812 0.187500 0.250000
16 0.100000 0.698438 0.187500 0.250000
12 0.307031 0.847656 0.187500 0.250000
2 0.862500 0.323437 0.187500 0.250000
12 0.675781 0.356250 0.187500 0.250000
10 0.505469 0.483594 0.187500 0.250000
