15 0.591406 0.401562 0.187500 0.250000
17 0.290625 0.217969 0.187500 0.250000
0 0.803906 0.453125 0.187500 0.250000
22 0.822656 0.666406 0.187500 0.250000
0 0.234375 0.612500 0.187500 0.250000
0 0.532813 0.683594 0.187500 0.250000
25 0.128125 0.160938 0.187500 0.250000
28 0.498437 0.232031 0.187500 0.250000
22 0.731250 0.169531 0.187500 0.250000
33 0.700781 0.852344 0.187500 0.250000
10 0.162500 0.362500 0.187500 0.250000
18 0.416406 0.425000 0.187500 0.250000
1 0.289844 0.807813 0.187500 0.250000
26 0.101562 0.828125 0.187500 0.250000
