8 0.457813 0.688281 0.187500 0.250000
20 0.389062 0.432031 0.187500 0.250000
10 0.822656 0.667969 0.187500 0.250000
22 0.257812 0.659375 0.187500 0.250000
32 0.592187 0.482812 0.187500 0.250000
20 0.353125 0.852344 0.187500 0.250000
33 0.666406 0.682813 0.187500 0.250000
9 0.097656 0.524219 0.187500 0.250000
30 0.151562 0.245312 0.187500 0.250000
12 0.520312 0.250000 0.187500 0.250000
5 0.764062 0.231250 0.187500 0.250000
23 0.558594 0.860938 0.187500 0.250000
1 0.801562 0.428906 0.187500 0.250000
11 0.296094 0.136719 0.187500 0.250000
