21 0.239844 0.454688 0.187500 0.250000
8 0.167969 0.839844 0.187500 0.250000
24 0.710156 0.864062 0.187500 0.250000
16 0.535937 0.169531 0.187500 0.250000
8 0.522656 0.676562 0.187500 0.250000
30 0.742188 0.335156 0.187500 0.250000
24 0.164062 0.178906 0.187500 0.250000
21 0.352344 0.856250 0.187500 0.250000
9 0.495312 0.400000 0.187500 0.250000
10 0.338281 0.183594 0.187500 0.250000
8 0.814844 0.689063 0.187500 0.250000
28 0.904687 0.284375 0.187500 0.250000
17 0.635938 0.516406 0.187500 0.250000
16 0.295312 0.646875 0.187500 0.250000
