0 0.548438 0.809375 0.187500 0.250000
21 0.903125 0.865625 0.187500 0.250000
7 0.318750 0.623437 0.187500 0.250000
12 0.132031 0.425781 0.187500 0.250000
13 0.777344 0.554688 0.187500 0.250000
2 0.454688 0.414062 0.187500 0.250000
1 0.716406 0.841406 0.187500 0.250000
19 0.300781 0.867969 0.187500 0.250000
29 0.293750 0.179688 0.187500 0.250000
18 0.551562 0.225000 0.187500 0.250000
1 0.769531 0.264062 0.187500 0.250000
25 0.500000 0.617969 0.187500 0.250000
29 0.131250 0.838281 0.187500 0.250000
18 0.902344 0.139063 0.187500 0.250000
