15 0.453125 0.832031 0.187500 0.250000
1 0.260937 0.296094 0.187500 0.250000
28 0.766406 0.799219 0.187500 0.250000
12 0.886719 0.152344 0.187500 0.250000
26 0.850000 0.500781 0.187500 0.250000
10 0.507812 0.130469 0.187500 0.250000
27 0.505469 0.629687 0.187500 0.250000
32 0.731250 0.227344 0.187500 0.250000
0 0.222656 0.642969 0.187500 0.250000
18 0.646094 0.431250 0.187500 0.250000
27 0.096094 0.239063 0.187500 0.250000
1 0.358594 0.453906 0.187500 0.250000
28 0.297656 0.867188 0.187500 0.250000
