0 0.128125 0.856250 0.187500 0.250000
32 0.710938 0.727344 0.187500 0.250000
18 0.353906 0.692187 0.187500 0.250000
21 0.615625 0.267969 0.187500 0.250000
24 0.561719 0.682813 0.187500 0.250000
3 0.367188 0.468750 0.187500 0.250000
0 0.202344 0.200781 0.187500 0.250000
33 0.828125 0.167187 0.187500 0.250000
14 0.803125 0.517188 0.187500 0.250000
27 0.553906 0.475000 0.187500 0.250000
6 0.196875 0.607031 0.187500 0.250000
22 0.146094 0.407813 0.187500 0.250000
11 0.394531 0.152344 0.187500 0.250000
20 0.888281 0.838281 0.187500 0.250000
