14 0.690625 0.810156 0.187500 0.250000
10 0.131250 0.357031 0.187500 0.250000
23 0.485938 0.875000 0.187500 0.250000
15 0.605469 0.634375 0.187500 0.250000
2 0.439844 0.474219 0.187500 0.250000
6 0.900781 0.274219 0.187500 0.250000
21 0.125781 0.644531 0.187500 0.250000
21 0.572656 0.223438 0.187500 0.250000
20 0.315625 0.609375 0.187500 0.250000
33 0.725000 0.378125 0.187500 0.250000
1 0.279687 0.125781 0.187500 0.250000
8 0.825000 0.538281 0.187500 0.250000
17 0.836719 0.758594 0.187500 0.250000
29 0.388281 0.280469 0.187500 0.250000
