10 0.581250 0.435156 0.187500 0.250000
20 0.101562 0.434375 0.187500 0.250000
9 0.383594 0.660937 0.187500 0.250000
19 0.175781 0.683594 0.187500 0.250000
15 0.539062 0.641406 0.187500 0.250000
24 0.274219 0.845313 0.187500 0.250000
9 0.510938 0.206250 0.187500 0.250000
6 0.747656 0.298438 0.187500 0.250000
6 0.289844 0.251563 0.187500 0.250000
9 0.381250 0.436719 0.187500 0.250000
15 0.839844 0.786719 0.187500 0.250000
0 0.726562 0.560937 0.187500 0.250000
11 0.628906 0.818750 0.187500 0.250000
13 0.881250 0.501563 0.187500 0.250000
