21 0.235937 0.210938 0.187500 0.250000
20 0.132031 0.541406 0.187500 0.250000
4 0.447656 0.311719 0.187500 0.250000
15 0.853125 0.735156 0.187500 0.250000
18 0.678906 0.274219 0.187500 0.250000
31 0.820312 0.474219 0.187500 0.250000
11 0.350781 0.820312 0.187500 0.250000
12 0.484375 0.692969 0.187500 0.250000
7 0.635938 0.651563 0.187500 0.250000
13 0.335938 0.477344 0.187500 0.250000
29 0.855469 0.225000 0.187500 0.250000
2 0.592187 0.448437 0.187500 0.250000
24 0.145313 0.769531 0.187500 0.250000
