10 0.132812 0.681250 0.187500 0.250000
10 0.359375 0.514844 0.187500 0.250000
0 0.291406 0.185938 0.187500 0.250000
23 0.568750 0.864062 0.187500 0.250000
33 0.617969 0.413281 0.187500 0.250000
7 0.128125 0.454688 0.187500 0.250000
21 0.708594 0.167187 0.187500 0.250000
21 0.822656 0.560937 0.187500 0.250000
6 0.872656 0.851562 0.187500 0.250000
33 0.308594 0.829688 0.187500 0.250000
5 0.482031 0.691406 0.187500 0.250000
19 0.851562 0.232813 0.187500 0.250000
1 0.630469 0.626563 0.187500 0.250000
5 0.463281 0.339844 0.187500 0.250000
