14 0.282813 0.626563 0.187500 0.250000
29 0.689844 0.652344 0.187500 0.250000
10 0.456250 0.695312 0.187500 0.250000
2 0.517188 0.412500 0.187500 0.250000
10 0.213281 0.149219 0.187500 0.250000
1 0.563281 0.185156 0.187500 0.250000
22 0.288281 0.341406 0.187500 0.250000
22 0.860938 0.687500 0.187500 0.250000
28 0.738281 0.401562 0.187500 0.250000
12 0.598437 0.864844 0.187500 0.250000
18 0.171094 0.826562 0.187500 0.250000
23 0.749219 0.150781 0.187500 0.250000
27 0.117188 0.512500 0.187500 0.250000
