5 0.546094 0.599219 0.187500 0.250000
10 0.147656 0.627344 0.187500 0.250000
28 0.539062 0.327344 0.187500 0.250000
33 0.297656 0.873437 0.187500 0.250000
9 0.376563 0.376563 0.187500 0.250000
18 0.185156 0.429688 0.187500 0.250000
32 0.905469 0.159375 0.187500 0.250000
14 0.197656 0.186719 0.187500 0.250000
14 0.764844 0.441406 0.187500 0.250000
29 0.452344 0.142187 0.187500 0.250000
22 0.692187 0.664844 0.187500 0.250000
11 0.755469 0.851562 0.187500 0.250000
3 0.388281 0.605469 0.187500 0.250000
10 0.676562 0.164844 0.187500 0.250000
