12 0.796875 0.276562 0.187500 0.250000
11 0.160938 0.610156 0.187500 0.250000
16 0.741406 0.735156 0.187500 0.250000
25 0.473438 0.725000 0.187500 0.250000
11 0.525000 0.392188 0.187500 0.250000
14 0.242188 0.270313 0.187500 0.250000
5 0.199219 0.810156 0.187500 0.250000
23 0.121094 0.412500 0.187500 0.250000
5 0.904687 0.699219 0.187500 0.250000
12 0.364063 0.557813 0.187500 0.250000
14 0.663281 0.142187 0.187500 0.250000
8 0.789844 0.498437 0.187500 0.250000
1 0.614062 0.557031 0.187500 0.250000
