15 0.867969 0.682031 0.187500 0.250000
7 0.102344 0.212500 0.187500 0.250000
28 0.360156 0.816406 0.187500 0.250000
16 0.348438 0.145313 0.187500 0.250000
29 0.548438 0.261719 0.187500 0.250000
33 0.207031 0.444531 0.187500 0.250000
23 0.529687 0.507031 0.187500 0.250000
7 0.760938 0.283594 0.187500 0.250000
2 0.883594 0.410938 0.187500 0.250000
30 0.369531 0.612500 0.187500 0.250000
20 0.392188 0.411719 0.187500 0.250000
13 0.185156 0.665625 0.187500 0.250000
13 0.554688 0.853125 0.187500 0.250000
30 0.703906 0.564063 0.187500 0.250000
