19 0.325000 0.193750 0.187500 0.250000
15 0.718750 0.724219 0.187500 0.250000
1 0.181250 0.513281 0.187500 0.250000
7 0.737500 0.219531 0.187500 0.250000
14 0.298438 0.792188 0.187500 0.250000
13 0.847656 0.447656 0.187500 0.250000
4 0.411719 0.604688 0.187500 0.250000
20 0.870313 0.774219 0.187500 0.250000
26 0.456250 0.304688 0.187500 0.250000
21 0.110156 0.825781 0.187500 0.250000
0 0.543750 0.714063 0.187500 0.250000
2 0.168750 0.242188 0.187500 0.250000
29 0.689063 0.516406 0.187500 0.250000
18 0.560156 0.135937 0.187500 0.250000
