10 0.316406 0.434375 0.187500 0.250000
17 0.176563 0.228125 0.187500 0.250000
20 0.620313 0.508594 0.187500 0.250000
5 0.122656 0.823438 0.187500 0.250000
8 0.431250 0.717969 0.187500 0.250000
28 0.591406 0.290625 0.187500 0.250000
8 0.883594 0.545312 0.187500 0.250000
10 0.413281 0.161719 0.187500 0.250000
17 0.903125 0.751563 0.187500 0.250000
29 0.784375 0.370312 0.187500 0.250000
13 0.307031 0.850781 0.187500 0.250000
25 0.753125 0.782031 0.187500 0.250000
1 0.143750 0.486719 0.187500 0.250000
32 0.768750 0.167187 0.187500 0.250000
