29 0.809375 0.228906 0.187500 0.250000
33 0.224219 0.418750 0.187500 0.250000
17 0.710156 0.506250 0.187500 0.250000
16 0.567969 0.182031 0.187500 0.250000
11 0.903906 0.413281 0.187500 0.250000
27 0.396094 0.458594 0.187500 0.250000
31 0.156250 0.720313 0.187500 0.250000
22 0.737500 0.796875 0.187500 0.250000
1 0.412500 0.740625 0.187500 0.250000
29 0.258594 0.149219 0.187500 0.250000
19 0.575000 0.386719 0.187500 0.250000
7 0.579688 0.872656 0.187500 0.250000
32 0.522656 0.592969 0.187500 0.250000
