30 0.875781 0.151562 0.187500 0.250000
31 0.667969 0.567187 0.187500 0.250000
8 0.342969 0.798438 0.187500 0.250000
27 0.653906 0.128125 0.187500 0.250000
2 0.455469 0.551562 0.187500 0.250000
29 0.400000 0.152344 0.187500 0.250000
10 0.797656 0.797656 0.187500 0.250000
14 0.255469 0.356250 0.187500 0.250000
20 0.153125 0.556250 0.187500 0.250000
7 0.658594 0.339844 0.187500 0.250000
0 0.163281 0.871875 0.187500 0.250000
26 0.634375 0.789062 0.187500 0.250000
30 0.107813 0.172656 0.187500 0.250000
20 0.847656 0.472656 0.187500 0.250000
