14 0.318750 0.578906 0.187500 0.250000
7 0.563281 0.360938 0.187500 0.250000
30 0.171094 0.851562 0.187500 0.250000
4 0.203906 0.390625 0.187500 0.250000
23 0.723437 0.282031 0.187500 0.250000
26 0.151562 0.128906 0.187500 0.250000
5 0.680469 0.697656 0.187500 0.250000
1 0.847656 0.807813 0.187500 0.250000
32 0.411719 0.148438 0.187500 0.250000
27 0.460156 0.857031 0.187500 0.250000
31 0.861719 0.508594 0.187500 0.250000
17 0.140625 0.597656 0.187500 0.250000
5 0.895312 0.185156 0.187500 0.250000
20 0.524219 0.567187 0.187500 0.250000
