32 0.689063 0.307812 0.187500 0.250000
9 0.549219 0.170313 0.187500 0.250000
2 0.505469 0.578125 0.187500 0.250000
9 0.330469 0.133594 0.187500 0.250000
33 0.176563 0.743750 0.187500 0.250000
13 0.396094 0.356250 0.187500 0.250000
27 0.250781 0.477344 0.187500 0.250000
24 0.372656 0.724219 0.187500 0.250000
12 0.521875 0.864062 0.187500 0.250000
1 0.760938 0.673438 0.187500 0.250000
1 0.106250 0.256250 0.187500 0.250000
11 0.889062 0.517969 0.187500 0.250000
21 0.867969 0.181250 0.187500 0.250000
