16 0.374219 0.189844 0.187500 0.250000
11 0.207031 0.617188 0.187500 0.250000
14 0.775000 0.872656 0.187500 0.250000
23 0.587500 0.364063 0.187500 0.250000
29 0.494531 0.800000 0.187500 0.250000
29 0.696875 0.598437 0.187500 0.250000
18 0.617969 0.161719 0.187500 0.250000
2 0.144531 0.386719 0.187500 0.250000
28 0.362500 0.652344 0.187500 0.250000
11 0.855469 0.617969 0.187500 0.250000
28 0.860156 0.231250 0.187500 0.250000
25 0.173437 0.174219 0.187500 0.250000
14 0.381250 0.441406 0.187500 0.250000
24 0.237500 0.828125 0.187500 0.250000
