33 0.689063 0.438281 0.187500 0.250000
8 0.102344 0.415625 0.187500 0.250000
1 0.904687 0.248438 0.187500 0.250000
1 0.285938 0.395313 0.187500 0.250000
14 0.423438 0.478906 0.187500 0.250000
27 0.307812 0.776563 0.187500 0.250000
6 0.703906 0.757812 0.187500 0.250000
13 0.467187 0.717969 0.187500 0.250000
19 0.848437 0.691406 0.187500 0.250000
3 0.158594 0.652344 0.187500 0.250000
7 0.871094 0.489063 0.187500 0.250000
20 0.665625 0.148438 0.187500 0.250000
12 0.386719 0.171875 0.187500 0.250000
9 0.114844 0.194531 0.187500 0.250000
