9 0.334375 0.578906 0.187500 0.250000
32 0.581250 0.416406 0.187500 0.250000
7 0.651563 0.873437 0.187500 0.250000
4 0.222656 0.717969 0.187500 0.250000
28 0.800000 0.564844 0.187500 0.250000
26 0.093750 0.583594 0.187500 0.250000
4 0.610938 0.183594 0.187500 0.250000
23 0.203125 0.148438 0.187500 0.250000
17 0.475000 0.766406 0.187500 0.250000
26 0.105469 0.323437 0.187500 0.250000
0 0.876563 0.167187 0.187500 0.250000
1 0.317969 0.332813 0.187500 0.250000
10 0.605469 0.648438 0.187500 0.250000
