20 0.383594 0.402344 0.187500 0.250000
31 0.650000 0.734375 0.187500 0.250000
4 0.722656 0.195312 0.187500 0.250000
1 0.646094 0.389062 0.187500 0.250000
29 0.185938 0.821875 0.187500 0.250000
12 0.211719 0.464062 0.187500 0.250000
2 0.237500 0.221875 0.187500 0.250000
13 0.892188 0.626563 0.187500 0.250000
26 0.870313 0.363281 0.187500 0.250000
20 0.428906 0.627344 0.187500 0.250000
1 0.450781 0.171094 0.187500 0.250000
14 0.098437 0.303906 0.187500 0.250000
12 0.400781 0.831250 0.187500 0.250000
25 0.805469 0.855469 0.187500 0.250000
