26 0.668750 0.185938 0.187500 0.250000
31 0.810156 0.359375 0.187500 0.250000
26 0.141406 0.725000 0.187500 0.250000
17 0.703906 0.687500 0.187500 0.250000
4 0.443750 0.290625 0.187500 0.250000
33 0.437500 0.691406 0.187500 0.250000
29 0.264844 0.227344 0.187500 0.250000
13 0.203125 0.482812 0.187500 0.250000
0 0.883594 0.646875 0.187500 0.250000
15 0.101562 0.226562 0.187500 0.250000
14 0.580469 0.411719 0.187500 0.250000
9 0.296875 0.797656 0.187500 0.250000
29 0.567969 0.841406 0.187500 0.250000
16 0.856250 0.149219 0.187500 0.250000
