0 0.762500 0.162500 0.187500 0.250000
21 0.410938 0.248438 0.187500 0.250000
18 0.654687 0.601562 0.187500 0.250000
9 0.194531 0.727344 0.187500 0.250000
18 0.496094 0.658594 0.187500 0.250000
27 0.526563 0.394531 0.187500 0.250000
30 0.258594 0.223438 0.187500 0.250000
17 0.575781 0.171875 0.187500 0.250000
31 0.809375 0.840625 0.187500 0.250000
12 0.894531 0.272656 0.187500 0.250000
14 0.334375 0.440625 0.187500 0.250000
22 0.826562 0.457031 0.187500 0.250000
27 0.670312 0.332031 0.187500 0.250000
2 0.114844 0.368750 0.187500 0.250000
