28 0.100000 0.775781 0.187500 0.250000
14 0.663281 0.270313 0.187500 0.250000
25 0.267188 0.418750 0.187500 0.250000
18 0.468750 0.788281 0.187500 0.250000
31 0.824219 0.685156 0.187500 0.250000
32 0.510156 0.565625 0.187500 0.250000
8 0.150781 0.157031 0.187500 0.250000
27 0.426563 0.395313 0.187500 0.250000
3 0.873437 0.153906 0.187500 0.250000
32 0.803125 0.361719 0.187500 0.250000
22 0.253906 0.775000 0.187500 0.250000
21 0.669531 0.640625 0.187500 0.250000
3 0.314844 0.188281 0.187500 0.250000
