29 0.147656 0.144531 0.187500 0.250000
2 0.680469 0.494531 0.187500 0.250000
7 0.363281 0.192969 0.187500 0.250000
11 0.231250 0.757031 0.187500 0.250000
4 0.389844 0.451562 0.187500 0.250000
28 0.906250 0.710156 0.187500 0.250000
26 0.700781 0.221875 0.187500 0.250000
31 0.452344 0.688281 0.187500 0.250000
26 0.774219 0.845313 0.187500 0.250000
12 0.878906 0.346094 0.187500 0.250000
5 0.190625 0.477344 0.187500 0.250000
14 0.548438 0.396875 0.187500 0.250000
7 0.564063 0.842969 0.187500 0.250000
