11 0.349219 0.325781 0.187500 0.250000
21 0.353906 0.728906 0.187500 0.250000
8 0.872656 0.523438 0.187500 0.250000
8 0.561719 0.432031 0.187500 0.250000
6 0.547656 0.143750 0.187500 0.250000
32 0.811719 0.200781 0.187500 0.250000
12 0.160156 0.814063 0.187500 0.250000
2 0.118750 0.163281 0.187500 0.250000
27 0.535937 0.748437 0.187500 0.250000
7 0.233594 0.531250 0.187500 0.250000
5 0.879687 0.825000 0.187500 0.250000
2 0.118750 0.396094 0.187500 0.250000
33 0.710938 0.403125 0.187500 0.250000
21 0.650000 0.599219 0.187500 0.250000
