3 0.448437 0.699219 0.187500 0.250000
16 0.244531 0.522656 0.187500 0.250000
27 0.755469 0.162500 0.187500 0.250000
17 0.606250 0.494531 0.187500 0.250000
2 0.842969 0.809375 0.187500 0.250000
15 0.259375 0.225781 0.187500 0.250000
20 0.841406 0.486719 0.187500 0.250000
25 0.152344 0.705469 0.187500 0.250000
12 0.417187 0.270313 0.187500 0.250000
28 0.624219 0.731250 0.187500 0.250000
32 0.589063 0.245312 0.187500 0.250000
13 0.329688 0.828906 0.187500 0.250000
3 0.905469 0.214062 0.187500 0.250000
28 0.103906 0.285156 0.187500 0.250000
