10 0.699219 0.358594 0.187500 0.250000
9 0.534375 0.716406 0.187500 0.250000
13 0.289844 0.363281 0.187500 0.250000
24 0.486719 0.489844 0.187500 0.250000
10 0.153125 0.781250 0.187500 0.250000
29 0.781250 0.585156 0.187500 0.250000
14 0.448437 0.253125 0.187500 0.250000
30 0.151562 0.261719 0.187500 0.250000
18 0.830469 0.785937 0.187500 0.250000
1 0.761719 0.139063 0.187500 0.250000
4 0.138281 0.565625 0.187500 0.250000
19 0.311719 0.567187 0.187500 0.250000
1 0.592969 0.188281 0.187500 0.250000
18 0.895312 0.275000 0.187500 0.250000
