4 0.869531 0.643750 0.187500 0.250000
24 0.733594 0.469531 0.187500 0.250000
13 0.829688 0.274219 0.187500 0.250000
8 0.464062 0.842969 0.187500 0.250000
30 0.127344 0.765625 0.187500 0.250000
17 0.403906 0.250000 0.187500 0.250000
11 0.265625 0.499219 0.187500 0.250000
24 0.709375 0.747656 0.187500 0.250000
7 0.150000 0.264844 0.187500 0.250000
24 0.555469 0.473438 0.187500 0.250000
4 0.095312 0.556250 0.187500 0.250000
26 0.285938 0.717969 0.187500 0.250000
21 0.424219 0.572656 0.187500 0.250000
