8 0.864844 0.152344 0.187500 0.250000
32 0.166406 0.744531 0.187500 0.250000
25 0.720313 0.796875 0.187500 0.250000
3 0.639062 0.571094 0.187500 0.250000
28 0.699219 0.210938 0.187500 0.250000
2 0.393750 0.210156 0.187500 0.250000
6 0.117188 0.180469 0.187500 0.250000
10 0.419531 0.414062 0.187500 0.250000
32 0.840625 0.665625 0.187500 0.250000
25 0.478906 0.693750 0.187500 0.250000
16 0.121094 0.543750 0.187500 0.250000
16 0.253906 0.325781 0.187500 0.250000
2 0.317969 0.693750 0.187500 0.250000
8 0.831250 0.400000 0.187500 0.250000
