0 0.723437 0.561719 0.187500 0.250000
33 0.386719 0.552344 0.187500 0.250000
12 0.100000 0.258594 0.187500 0.250000
9 0.664844 0.213281 0.187500 0.250000
33 0.561719 0.770312 0.187500 0.250000
12 0.797656 0.766406 0.187500 0.250000
27 0.449219 0.278125 0.187500 0.250000
18 0.125781 0.798438 0.187500 0.250000
0 0.818750 0.354687 0.187500 0.250000
20 0.279687 0.828906 0.187500 0.250000
29 0.228125 0.536719 0.187500 0.250000
6 0.580469 0.438281 0.187500 0.250000
29 0.251563 0.146875 0.187500 0.250000
