3 0.215625 0.747656 0.187500 0.250000
17 0.245312 0.435937 0.187500 0.250000
11 0.667188 0.199219 0.187500 0.250000
21 0.761719 0.814844 0.187500 0.250000
16 0.473438 0.329688 0.187500 0.250000
11 0.475781 0.542188 0.187500 0.250000
8 0.483594 0.857812 0.187500 0.250000
26 0.657031 0.420312 0.187500 0.250000
2 0.898438 0.354687 0.187500 0.250000
32 0.099219 0.228125 0.187500 0.250000
13 0.849219 0.549219 0.187500 0.250000
18 0.100781 0.539844 0.187500 0.250000
4 0.649219 0.634375 0.187500 0.250000
10 0.865625 0.137500 0.187500 0.250000
