18 0.346875 0.480469 0.187500 0.250000
27 0.846094 0.258594 0.187500 0.250000
24 0.542969 0.440625 0.187500 0.250000
0 0.096094 0.273438 0.187500 0.250000
30 0.830469 0.520312 0.187500 0.250000
4 0.401562 0.253125 0.187500 0.250000
5 0.394531 0.699219 0.187500 0.250000
20 0.111719 0.806250 0.187500 0.250000
29 0.642969 0.181250 0.187500 0.250000
12 0.664844 0.592187 0.187500 0.250000
5 0.258594 0.178125 0.187500 0.250000
18 0.733594 0.786719 0.187500 0.250000
8 0.143750 0.463281 0.187500 0.250000
17 0.523438 0.803906 0.187500 0.250000
