4 0.839844 0.660156 0.187500 0.250000
33 0.507031 0.793750 0.187500 0.250000
14 0.583594 0.435156 0.187500 0.250000
16 0.636719 0.185938 0.187500 0.250000
22 0.233594 0.656250 0.187500 0.250000
33 0.295312 0.257812 0.187500 0.250000
32 0.742188 0.501563 0.187500 0.250000
11 0.793750 0.304688 0.187500 0.250000
33 0.447656 0.285938 0.187500 0.250000
18 0.137500 0.176563 0.187500 0.250000
10 0.144531 0.851562 0.187500 0.250000
2 0.716406 0.849219 0.187500 0.250000
29 0.431250 0.535937 0.187500 0.250000
