0 0.148438 0.683594 0.187500 0.250000
24 0.606250 0.195312 0.187500 0.250000
30 0.827344 0.535937 0.187500 0.250000
28 0.517969 0.463281 0.187500 0.250000
9 0.793750 0.129688 0.187500 0.250000
26 0.316406 0.576562 0.187500 0.250000
6 0.101562 0.227344 0.187500 0.250000
33 0.265625 0.262500 0.187500 0.250000
2 0.600781 0.632031 0.187500 0.250000
30 0.415625 0.142969 0.187500 0.250000
24 0.850000 0.752344 0.187500 0.250000
9 0.691406 0.812500 0.187500 0.250000
24 0.327344 0.845313 0.187500 0.250000
9 0.896875 0.305469 0.187500 0.250000
