5 0.897656 0.515625 0.187500 0.250000
4 0.557813 0.185938 0.187500 0.250000
28 0.260937 0.167187 0.187500 0.250000
23 0.223438 0.722656 0.187500 0.250000
15 0.360156 0.426563 0.187500 0.250000
25 0.100781 0.867969 0.187500 0.250000
18 0.694531 0.468750 0.187500 0.250000
1 0.893750 0.744531 0.187500 0.250000
21 0.773438 0.286719 0.187500 0.250000
5 0.525000 0.616406 0.187500 0.250000
0 0.210938 0.475000 0.187500 0.250000
24 0.388281 0.874219 0.187500 0.250000
13 0.646875 0.776563 0.187500 0.250000
33 0.409375 0.228125 0.187500 0.250000
