7 0.274219 0.287500 0.187500 0.250000
12 0.702344 0.185938 0.187500 0.250000
33 0.647656 0.740625 0.187500 0.250000
5 0.151562 0.785156 0.187500 0.250000
8 0.194531 0.493750 0.187500 0.250000
3 0.442188 0.825000 0.187500 0.250000
10 0.114844 0.206250 0.187500 0.250000
21 0.672656 0.507031 0.187500 0.250000
16 0.525781 0.335156 0.187500 0.250000
28 0.785156 0.823438 0.187500 0.250000
4 0.872656 0.294531 0.187500 0.250000
8 0.302344 0.650781 0.187500 0.250000
5 0.835156 0.577344 0.187500 0.250000
30 0.515625 0.537500 0.187500 0.250000
