20 0.880469 0.572656 0.187500 0.250000
19 0.100781 0.134375 0.187500 0.250000
17 0.120313 0.709375 0.187500 0.250000
1 0.756250 0.253125 0.187500 0.250000
6 0.718750 0.729688 0.187500 0.250000
10 0.503125 0.736719 0.187500 0.250000
0 0.278906 0.172656 0.187500 0.250000
9 0.535937 0.368750 0.187500 0.250000
12 0.329688 0.704688 0.187500 0.250000
6 0.195312 0.522656 0.187500 0.250000
15 0.566406 0.152344 0.187500 0.250000
0 0.618750 0.565625 0.187500 0.250000
33 0.439844 0.550000 0.187500 0.250000
