22 0.692187 0.184375 0.187500 0.250000
1 0.241406 0.845313 0.187500 0.250000
15 0.252344 0.488281 0.187500 0.250000
16 0.216406 0.228125 0.187500 0.250000
13 0.445312 0.190625 0.187500 0.250000
7 0.406250 0.739062 0.187500 0.250000
26 0.620313 0.758594 0.187500 0.250000
17 0.819531 0.803125 0.187500 0.250000
13 0.675000 0.485938 0.187500 0.250000
21 0.526563 0.361719 0.187500 0.250000
29 0.857812 0.492188 0.187500 0.250000
27 0.885156 0.128906 0.187500 0.250000
3 0.401562 0.527344 0.187500 0.250000
25 0.117969 0.654687 0.187500 0.250000
