7 0.783594 0.660937 0.187500 0.250000
5 0.414844 0.285156 0.187500 0.250000
24 0.711719 0.856250 0.187500 0.250000
16 0.178125 0.628125 0.187500 0.250000
23 0.582812 0.403125 0.187500 0.250000
14 0.134375 0.167187 0.187500 0.250000
19 0.563281 0.801562 0.187500 0.250000
16 0.850781 0.209375 0.187500 0.250000
15 0.182812 0.406250 0.187500 0.250000
9 0.403125 0.770312 0.187500 0.250000
6 0.760156 0.462500 0.187500 0.250000
9 0.308594 0.130469 0.187500 0.250000
12 0.228125 0.828906 0.187500 0.250000
29 0.338281 0.551562 0.187500 0.250000
