25 0.121094 0.832812 0.187500 0.250000
33 0.107813 0.522656 0.187500 0.250000
33 0.282031 0.699219 0.187500 0.250000
5 0.894531 0.526563 0.187500 0.250000
24 0.735938 0.714063 0.187500 0.250000
25 0.487500 0.350000 0.187500 0.250000
0 0.160156 0.224219 0.187500 0.250000
26 0.253125 0.440625 0.187500 0.250000
23 0.682031 0.489063 0.187500 0.250000
12 0.562500 0.619531 0.187500 0.250000
3 0.580469 0.839844 0.187500 0.250000
3 0.721094 0.164844 0.187500 0.250000
18 0.888281 0.792188 0.187500 0.250000
24 0.404687 0.550000 0.187500 0.250000
