1 0.356250 0.314844 0.187500 0.250000
18 0.150000 0.364063 0.187500 0.250000
23 0.453125 0.141406 0.187500 0.250000
17 0.603906 0.392969 0.187500 0.250000
21 0.661719 0.606250 0.187500 0.250000
23 0.898438 0.228125 0.187500 0.250000
8 0.416406 0.582031 0.187500 0.250000
27 0.796875 0.498437 0.187500 0.250000
17 0.750000 0.789844 0.187500 0.250000
16 0.343750 0.821875 0.187500 0.250000
8 0.117188 0.690625 0.187500 0.250000
3 0.517969 0.835938 0.187500 0.250000
5 0.658594 0.189062 0.187500 0.250000
14 0.262500 0.146094 0.187500 0.250000
