6 0.346875 0.792969 0.187500 0.250000
23 0.492969 0.632031 0.187500 0.250000
20 0.291406 0.319531 0.187500 0.250000
16 0.603125 0.316406 0.187500 0.250000
18 0.897656 0.462500 0.187500 0.250000
25 0.781250 0.623437 0.187500 0.250000
16 0.827344 0.250000 0.187500 0.250000
12 0.307031 0.566406 0.187500 0.250000
5 0.463281 0.176563 0.187500 0.250000
1 0.114844 0.502344 0.187500 0.250000
20 0.097656 0.707812 0.187500 0.250000
31 0.664062 0.844531 0.187500 0.250000
29 0.428906 0.402344 0.187500 0.250000
