2 0.885938 0.625781 0.187500 0.250000
18 0.100000 0.649219 0.187500 0.250000
9 0.676562 0.306250 0.187500 0.250000
9 0.446094 0.659375 0.187500 0.250000
33 0.507812 0.309375 0.187500 0.250000
10 0.292969 0.653906 0.187500 0.250000
23 0.239844 0.184375 0.187500 0.250000
8 0.596094 0.800000 0.187500 0.250000
33 0.115625 0.852344 0.187500 0.250000
33 0.303906 0.422656 0.187500 0.250000
22 0.576562 0.549219 0.187500 0.250000
3 0.389062 0.143750 0.187500 0.250000
33 0.846094 0.380469 0.187500 0.250000
2 0.781250 0.800781 0.187500 0.250000
