6 0.642188 0.842969 0.187500 0.250000
31 0.175000 0.248438 0.187500 0.250000
6 0.658594 0.590625 0.187500 0.250000
1 0.474219 0.333594 0.187500 0.250000
25 0.902344 0.658594 0.187500 0.250000
27 0.305469 0.873437 0.187500 0.250000
28 0.490625 0.659375 0.187500 0.250000
23 0.814063 0.212500 0.187500 0.250000
15 0.290625 0.427344 0.187500 0.250000
20 0.140625 0.861719 0.187500 0.250000
14 0.102344 0.543750 0.187500 0.250000
7 0.648438 0.216406 0.187500 0.250000
30 0.903125 0.425000 0.187500 0.250000
29 0.250000 0.662500 0.187500 0.250000
