24 0.506250 0.714844 0.187500 0.250000
17 0.412500 0.463281 0.187500 0.250000
10 0.157031 0.672656 0.187500 0.250000
26 0.628906 0.209375 0.187500 0.250000
26 0.825781 0.441406 0.187500 0.250000
4 0.319531 0.870313 0.187500 0.250000
19 0.289062 0.214062 0.187500 0.250000
21 0.771875 0.828125 0.187500 0.250000
16 0.645312 0.412500 0.187500 0.250000
27 0.885156 0.176563 0.187500 0.250000
26 0.186719 0.368750 0.187500 0.250000
16 0.343750 0.664844 0.187500 0.250000
4 0.457813 0.126562 0.187500 0.250000
