6 0.812500 0.212500 0.187500 0.250000
3 0.510156 0.306250 0.187500 0.250000
15 0.680469 0.384375 0.187500 0.250000
9 0.372656 0.607031 0.187500 0.250000
12 0.756250 0.582031 0.187500 0.250000
13 0.531250 0.557813 0.187500 0.250000
25 0.490625 0.776563 0.187500 0.250000
6 0.642969 0.175781 0.187500 0.250000
7 0.237500 0.858594 0.187500 0.250000
6 0.313281 0.385937 0.187500 0.250000
9 0.107031 0.432031 0.187500 0.250000
25 0.134375 0.175781 0.187500 0.250000
1 0.336719 0.146875 0.187500 0.250000
23 0.179688 0.622656 0.187500 0.250000
