30 0.521094 0.192969 0.187500 0.250000
17 0.723437 0.485938 0.187500 0.250000
24 0.885938 0.357031 0.187500 0.250000
19 0.254688 0.234375 0.187500 0.250000
11 0.414844 0.756250 0.187500 0.250000
29 0.771875 0.150000 0.187500 0.250000
5 0.578125 0.422656 0.187500 0.250000
30 0.846875 0.722656 0.187500 0.250000
0 0.609375 0.653906 0.187500 0.250000
6 0.362500 0.528125 0.187500 0.250000
15 0.178125 0.573438 0.187500 0.250000
13 0.200781 0.829688 0.187500 0.250000
2 0.119531 0.341406 0.187500 0.250000
