8 0.118750 0.643750 0.187500 0.250000
10 0.310937 0.515625 0.187500 0.250000
14 0.879687 0.306250 0.187500 0.250000
0 0.143750 0.128906 0.187500 0.250000
25 0.761719 0.135156 0.187500 0.250000
14 0.823438 0.592969 0.187500 0.250000
13 0.414062 0.795312 0.187500 0.250000
7 0.629687 0.795312 0.187500 0.250000
15 0.426563 0.342969 0.187500 0.250000
8 0.585938 0.412500 0.187500 0.250000
7 0.274219 0.245312 0.187500 0.250000
32 0.838281 0.836719 0.187500 0.250000
22 0.155469 0.846875 0.187500 0.250000
1 0.107813 0.396094 0.187500 0.250000
