2 0.550000 0.191406 0.187500 0.250000
19 0.503125 0.408594 0.187500 0.250000
19 0.707031 0.823438 0.187500 0.250000
13 0.686719 0.560937 0.187500 0.250000
25 0.382812 0.700781 0.187500 0.250000
2 0.349219 0.269531 0.187500 0.250000
3 0.173437 0.386719 0.187500 0.250000
32 0.101562 0.127344 0.187500 0.250000
26 0.750000 0.196094 0.187500 0.250000
24 0.571094 0.703125 0.187500 0.250000
30 0.103906 0.704688 0.187500 0.250000
28 0.905469 0.811719 0.187500 0.250000
27 0.846094 0.428906 0.187500 0.250000
