18 0.233594 0.417969 0.187500 0.250000
9 0.561719 0.370312 0.187500 0.250000
28 0.771875 0.458594 0.187500 0.250000
2 0.280469 0.158594 0.187500 0.250000
21 0.740625 0.726562 0.187500 0.250000
24 0.368750 0.803906 0.187500 0.250000
13 0.829688 0.179688 0.187500 0.250000
14 0.199219 0.693750 0.187500 0.250000
28 0.883594 0.653125 0.187500 0.250000
23 0.558594 0.828906 0.187500 0.250000
18 0.137500 0.229687 0.187500 0.250000
3 0.417187 0.603125 0.187500 0.250000
3 0.864062 0.875000 0.187500 0.250000
11 0.586719 0.592187 0.187500 0.250000
