9 0.607812 0.435156 0.187500 0.250000
5 0.386719 0.630469 0.187500 0.250000
4 0.720313 0.278125 0.187500 0.250000
10 0.764062 0.539062 0.187500 0.250000
29 0.447656 0.213281 0.187500 0.250000
19 0.632812 0.786719 0.187500 0.250000
18 0.221875 0.167969 0.187500 0.250000
26 0.175781 0.701562 0.187500 0.250000
8 0.860156 0.725000 0.187500 0.250000
0 0.132812 0.364063 0.187500 0.250000
12 0.896875 0.346875 0.187500 0.250000
19 0.340625 0.822656 0.187500 0.250000
14 0.599219 0.125000 0.187500 0.250000
