30 0.142187 0.221875 0.187500 0.250000
12 0.666406 0.570312 0.187500 0.250000
7 0.694531 0.828125 0.187500 0.250000
31 0.411719 0.324219 0.187500 0.250000
1 0.727344 0.238281 0.187500 0.250000
16 0.895312 0.823438 0.187500 0.250000
26 0.244531 0.671094 0.187500 0.250000
4 0.425000 0.684375 0.187500 0.250000
24 0.099219 0.817187 0.187500 0.250000
11 0.883594 0.217188 0.187500 0.250000
5 0.450000 0.127344 0.187500 0.250000
32 0.164062 0.475781 0.187500 0.250000
9 0.577344 0.341406 0.187500 0.250000
