14 0.314844 0.417187 0.187500 0.250000
15 0.310937 0.728906 0.187500 0.250000
20 0.488281 0.743750 0.187500 0.250000
1 0.741406 0.363281 0.187500 0.250000
17 0.854688 0.762500 0.187500 0.250000
15 0.532031 0.480469 0.187500 0.250000
31 0.873437 0.260156 0.187500 0.250000
20 0.628906 0.136719 0.187500 0.250000
8 0.132031 0.252344 0.187500 0.250000
9 0.117188 0.633594 0.187500 0.250000
22 0.386719 0.183594 0.187500 0.250000
26 0.648438 0.664062 0.187500 0.250000
0 0.887500 0.529687 0.187500 0.250000
