0 0.295312 0.811719 0.187500 0.250000
31 0.826562 0.302344 0.187500 0.250000
14 0.889062 0.668750 0.187500 0.250000
32 0.495312 0.558594 0.187500 0.250000
8 0.583594 0.792969 0.187500 0.250000
1 0.295312 0.544531 0.187500 0.250000
12 0.720313 0.501563 0.187500 0.250000
20 0.162500 0.186719 0.187500 0.250000
16 0.405469 0.185938 0.187500 0.250000
20 0.131250 0.621094 0.187500 0.250000
7 0.585156 0.351562 0.187500 0.250000
14 0.110937 0.414062 0.187500 0.250000
33 0.602344 0.131250 0.187500 0.250000
13 0.132812 0.844531 0.187500 0.250000
