24 0.591406 0.163281 0.187500 0.250000
14 0.283594 0.246875 0.187500 0.250000
7 0.105469 0.258594 0.187500 0.250000
26 0.439844 0.734375 0.187500 0.250000
23 0.757812 0.634375 0.187500 0.250000
25 0.280469 0.875000 0.187500 0.250000
19 0.644531 0.480469 0.187500 0.250000
12 0.876563 0.356250 0.187500 0.250000
30 0.321875 0.452344 0.187500 0.250000
17 0.148438 0.532031 0.187500 0.250000
18 0.616406 0.733594 0.187500 0.250000
21 0.755469 0.171875 0.187500 0.250000
29 0.441406 0.217969 0.187500 0.250000
14 0.903125 0.743750 0.187500 0.250000
