28 0.587500 0.398438 0.187500 0.250000
21 0.439844 0.812500 0.187500 0.250000
9 0.282031 0.510156 0.187500 0.250000
25 0.891406 0.540625 0.187500 0.250000
16 0.096875 0.387500 0.187500 0.250000
16 0.357031 0.328906 0.187500 0.250000
9 0.813281 0.354687 0.187500 0.250000
17 0.684375 0.183594 0.187500 0.250000
26 0.667969 0.629687 0.187500 0.250000
33 0.504687 0.578906 0.187500 0.250000
6 0.656250 0.854688 0.187500 0.250000
8 0.502344 0.127344 0.187500 0.250000
32 0.145313 0.684375 0.187500 0.250000
15 0.856250 0.760938 0.187500 0.250000
