8 0.380469 0.597656 0.187500 0.250000
33 0.486719 0.264844 0.187500 0.250000
27 0.285156 0.305469 0.187500 0.250000
8 0.801562 0.779687 0.187500 0.250000
8 0.647656 0.382031 0.187500 0.250000
29 0.523438 0.516406 0.187500 0.250000
3 0.799219 0.232031 0.187500 0.250000
16 0.609375 0.704688 0.187500 0.250000
12 0.114062 0.764844 0.187500 0.250000
6 0.186719 0.532031 0.187500 0.250000
1 0.800000 0.473438 0.187500 0.250000
5 0.476562 0.863281 0.187500 0.250000
12 0.178125 0.132031 0.187500 0.250000
