11 0.450000 0.869531 0.187500 0.250000
21 0.613281 0.482812 0.187500 0.250000
21 0.392969 0.637500 0.187500 0.250000
17 0.128906 0.862500 0.187500 0.250000
29 0.230469 0.658594 0.187500 0.250000
21 0.328125 0.321094 0.187500 0.250000
11 0.789844 0.573438 0.187500 0.250000
29 0.827344 0.334375 0.187500 0.250000
4 0.099219 0.136719 0.187500 0.250000
9 0.754687 0.825000 0.187500 0.250000
23 0.174219 0.395313 0.187500 0.250000
22 0.585938 0.271094 0.187500 0.250000
26 0.448437 0.178125 0.187500 0.250000
31 0.603906 0.858594 0.187500 0.250000
