28 0.423438 0.280469 0.187500 0.250000
21 0.707031 0.803125 0.187500 0.250000
13 0.892188 0.189844 0.187500 0.250000
18 0.308594 0.783594 0.187500 0.250000
33 0.104688 0.571094 0.187500 0.250000
26 0.569531 0.564844 0.187500 0.250000
6 0.212500 0.145313 0.187500 0.250000
5 0.893750 0.750000 0.187500 0.250000
24 0.796094 0.541406 0.187500 0.250000
3 0.275000 0.505469 0.187500 0.250000
31 0.654687 0.346094 0.187500 0.250000
25 0.515625 0.772656 0.187500 0.250000
7 0.138281 0.360156 0.187500 0.250000
8 0.137500 0.830469 0.187500 0.250000
