33 0.227344 0.153906 0.187500 0.250000
31 0.704688 0.636719 0.187500 0.250000
6 0.569531 0.746094 0.187500 0.250000
6 0.860938 0.613281 0.187500 0.250000
19 0.621875 0.203125 0.187500 0.250000
32 0.123438 0.753125 0.187500 0.250000
23 0.819531 0.148438 0.187500 0.250000
25 0.285156 0.582031 0.187500 0.250000
30 0.453906 0.260156 0.187500 0.250000
1 0.761719 0.429688 0.187500 0.250000
3 0.489063 0.568750 0.187500 0.250000
16 0.871094 0.857031 0.187500 0.250000
16 0.295312 0.837500 0.187500 0.250000
