23 0.705469 0.831250 0.187500 0.250000
6 0.675781 0.277344 0.187500 0.250000
2 0.185938 0.352344 0.187500 0.250000
15 0.192188 0.700000 0.187500 0.250000
33 0.546094 0.817969 0.187500 0.250000
14 0.835156 0.403125 0.187500 0.250000
30 0.880469 0.694531 0.187500 0.250000
33 0.352344 0.446094 0.187500 0.250000
8 0.654687 0.527344 0.187500 0.250000
16 0.125781 0.137500 0.187500 0.250000
21 0.437500 0.140625 0.187500 0.250000
18 0.430469 0.639062 0.187500 0.250000
11 0.539062 0.380469 0.187500 0.250000
