25 0.146094 0.243750 0.187500 0.250000
24 0.377344 0.759375 0.187500 0.250000
23 0.710938 0.296875 0.187500 0.250000
0 0.741406 0.635938 0.187500 0.250000
11 0.113281 0.514844 0.187500 0.250000
2 0.800000 0.866406 0.187500 0.250000
33 0.900000 0.357812 0.187500 0.250000
15 0.514844 0.308594 0.187500 0.250000
1 0.545312 0.707812 0.187500 0.250000
20 0.317969 0.568750 0.187500 0.250000
16 0.811719 0.140625 0.187500 0.250000
29 0.106250 0.864062 0.187500 0.250000
24 0.359375 0.207031 0.187500 0.250000
