17 0.408594 0.449219 0.187500 0.250000
7 0.793750 0.263281 0.187500 0.250000
1 0.364844 0.671094 0.187500 0.250000
3 0.745313 0.456250 0.187500 0.250000
25 0.647656 0.145313 0.187500 0.250000
4 0.420312 0.192188 0.187500 0.250000
0 0.103906 0.455469 0.187500 0.250000
33 0.163281 0.783594 0.187500 0.250000
7 0.872656 0.703906 0.187500 0.250000
23 0.646875 0.866406 0.187500 0.250000
15 0.225781 0.330469 0.187500 0.250000
0 0.308594 0.859375 0.187500 0.250000
25 0.550000 0.578906 0.187500 0.250000
17 0.106250 0.157812 0.187500 0.250000
