0 0.681250 0.202344 0.187500 0.250000
15 0.170313 0.239063 0.187500 0.250000
3 0.752344 0.556250 0.187500 0.250000
28 0.418750 0.486719 0.187500 0.250000
31 0.596094 0.802344 0.187500 0.250000
25 0.474219 0.197656 0.187500 0.250000
5 0.159375 0.634375 0.187500 0.250000
8 0.453906 0.865625 0.187500 0.250000
8 0.567969 0.401562 0.187500 0.250000
29 0.898438 0.650781 0.187500 0.250000
23 0.285938 0.812500 0.187500 0.250000
8 0.891406 0.174219 0.187500 0.250000
18 0.094531 0.425781 0.187500 0.250000
17 0.782813 0.856250 0.187500 0.250000
