28 0.522656 0.619531 0.187500 0.250000
28 0.646875 0.830469 0.187500 0.250000
32 0.727344 0.227344 0.187500 0.250000
31 0.387500 0.404687 0.187500 0.250000
23 0.303125 0.198437 0.187500 0.250000
6 0.528125 0.299219 0.187500 0.250000
28 0.106250 0.410938 0.187500 0.250000
24 0.696875 0.483594 0.187500 0.250000
30 0.419531 0.814063 0.187500 0.250000
9 0.123438 0.667188 0.187500 0.250000
25 0.889062 0.725000 0.187500 0.250000
28 0.253906 0.853125 0.187500 0.250000
27 0.851562 0.485156 0.187500 0.250000
11 0.877344 0.175781 0.187500 0.250000
