27 0.202344 0.576562 0.187500 0.250000
10 0.764844 0.557813 0.187500 0.250000
30 0.637500 0.733594 0.187500 0.250000
6 0.833594 0.305469 0.187500 0.250000
6 0.417187 0.722656 0.187500 0.250000
6 0.358594 0.217969 0.187500 0.250000
29 0.537500 0.335156 0.187500 0.250000
8 0.781250 0.826562 0.187500 0.250000
22 0.145313 0.147656 0.187500 0.250000
5 0.132031 0.389844 0.187500 0.250000
27 0.669531 0.173437 0.187500 0.250000
22 0.202344 0.817969 0.187500 0.250000
15 0.514844 0.552344 0.187500 0.250000
