7 0.893750 0.420312 0.187500 0.250000
12 0.739844 0.296094 0.187500 0.250000
16 0.436719 0.795312 0.187500 0.250000
15 0.220312 0.128906 0.187500 0.250000
27 0.284375 0.874219 0.187500 0.250000
21 0.610156 0.514062 0.187500 0.250000
1 0.893750 0.757031 0.187500 0.250000
18 0.608594 0.871875 0.187500 0.250000
17 0.412500 0.592187 0.187500 0.250000
22 0.241406 0.624219 0.187500 0.250000
18 0.184375 0.354687 0.187500 0.250000
33 0.612500 0.164844 0.187500 0.250000
9 0.738281 0.742969 0.187500 0.250000
25 0.405469 0.317188 0.187500 0.250000
