16 0.104688 0.125781 0.187500 0.250000
24 0.186719 0.560156 0.187500 0.250000
29 0.522656 0.332813 0.187500 0.250000
27 0.362500 0.617969 0.187500 0.250000
10 0.746875 0.744531 0.187500 0.250000
5 0.317188 0.237500 0.187500 0.250000
23 0.751563 0.271094 0.187500 0.250000
14 0.564844 0.776563 0.187500 0.250000
29 0.135937 0.854688 0.187500 0.250000
0 0.850000 0.503906 0.187500 0.250000
26 0.101562 0.382812 0.187500 0.250000
15 0.642969 0.592969 0.187500 0.250000
5 0.327344 0.839844 0.187500 0.250000
