26 0.556250 0.663281 0.187500 0.250000
30 0.133594 0.418750 0.187500 0.250000
0 0.744531 0.645312 0.187500 0.250000
25 0.396875 0.620313 0.187500 0.250000
3 0.478125 0.159375 0.187500 0.250000
30 0.302344 0.324219 0.187500 0.250000
31 0.650781 0.185156 0.187500 0.250000
24 0.281250 0.830469 0.187500 0.250000
17 0.838281 0.400000 0.187500 0.250000
7 0.196875 0.632031 0.187500 0.250000
26 0.890625 0.136719 0.187500 0.250000
12 0.586719 0.460938 0.187500 0.250000
24 0.209375 0.146875 0.187500 0.250000
4 0.712500 0.860156 0.187500 0.250000
