30 0.279687 0.193750 0.187500 0.250000
24 0.427344 0.681250 0.187500 0.250000
3 0.660156 0.478906 0.187500 0.250000
9 0.707812 0.259375 0.187500 0.250000
4 0.564844 0.198437 0.187500 0.250000
33 0.900781 0.386719 0.187500 0.250000
3 0.837500 0.659375 0.187500 0.250000
19 0.266406 0.616406 0.187500 0.250000
14 0.126562 0.698438 0.187500 0.250000
28 0.255469 0.397656 0.187500 0.250000
21 0.905469 0.841406 0.187500 0.250000
6 0.100000 0.223438 0.187500 0.250000
11 0.853125 0.176563 0.187500 0.250000
13 0.600781 0.764062 0.187500 0.250000
