30 0.482031 0.267188 0.187500 0.250000
31 0.134375 0.571875 0.187500 0.250000
4 0.103906 0.217969 0.187500 0.250000
15 0.317188 0.242969 0.187500 0.250000
25 0.292969 0.743750 0.187500 0.250000
8 0.630469 0.800000 0.187500 0.250000
21 0.320312 0.524219 0.187500 0.250000
29 0.095312 0.830469 0.187500 0.250000
13 0.800781 0.714063 0.187500 0.250000
31 0.677344 0.270313 0.187500 0.250000
19 0.625781 0.557813 0.187500 0.250000
0 0.864062 0.210938 0.187500 0.250000
3 0.833594 0.517969 0.187500 0.250000
