33 0.852344 0.303906 0.187500 0.250000
26 0.463281 0.592187 0.187500 0.250000
20 0.514062 0.850781 0.187500 0.250000
7 0.464844 0.270313 0.187500 0.250000
28 0.896875 0.867969 0.187500 0.250000
22 0.146094 0.250000 0.187500 0.250000
0 0.177344 0.607812 0.187500 0.250000
0 0.691406 0.829688 0.187500 0.250000
1 0.815625 0.520312 0.187500 0.250000
16 0.617188 0.330469 0.187500 0.250000
23 0.150781 0.825000 0.187500 0.250000
21 0.300781 0.791406 0.187500 0.250000
24 0.278906 0.412500 0.187500 0.250000
