25 0.254688 0.753906 0.187500 0.250000
19 0.603125 0.185156 0.187500 0.250000
30 0.147656 0.188281 0.187500 0.250000
11 0.108594 0.466406 0.187500 0.250000
18 0.714844 0.600781 0.187500 0.250000
6 0.382031 0.460156 0.187500 0.250000
1 0.309375 0.253906 0.187500 0.250000
27 0.853906 0.696875 0.187500 0.250000
29 0.890625 0.432031 0.187500 0.250000
2 0.712500 0.871094 0.187500 0.250000
21 0.412500 0.702344 0.187500 0.250000
6 0.564063 0.646094 0.187500 0.250000
27 0.763281 0.191406 0.187500 0.250000
19 0.103906 0.775000 0.187500 0.250000
