9 0.397656 0.296875 0.187500 0.250000
33 0.513281 0.520312 0.187500 0.250000
17 0.818750 0.557813 0.187500 0.250000
28 0.114844 0.478906 0.187500 0.250000
30 0.309375 0.584375 0.187500 0.250000
19 0.739062 0.157812 0.187500 0.250000
19 0.674219 0.490625 0.187500 0.250000
9 0.620313 0.689844 0.187500 0.250000
11 0.373437 0.814844 0.187500 0.250000
33 0.508594 0.132031 0.187500 0.250000
1 0.192969 0.785156 0.187500 0.250000
24 0.814844 0.850000 0.187500 0.250000
23 0.893750 0.200000 0.187500 0.250000
2 0.187500 0.260156 0.187500 0.250000
