32 0.563281 0.323437 0.187500 0.250000
21 0.787500 0.554688 0.187500 0.250000
22 0.645312 0.864062 0.187500 0.250000
28 0.428125 0.532813 0.187500 0.250000
31 0.094531 0.232031 0.187500 0.250000
33 0.257812 0.170313 0.187500 0.250000
17 0.281250 0.398438 0.187500 0.250000
5 0.468750 0.819531 0.187500 0.250000
6 0.152344 0.833594 0.187500 0.250000
7 0.261719 0.682813 0.187500 0.250000
7 0.692187 0.202344 0.187500 0.250000
1 0.857812 0.328125 0.187500 0.250000
5 0.415625 0.260156 0.187500 0.250000
33 0.889844 0.843750 0.187500 0.250000
