9 0.813281 0.169531 0.187500 0.250000
11 0.352344 0.835156 0.187500 0.250000
24 0.438281 0.278125 0.187500 0.250000
29 0.534375 0.707812 0.187500 0.250000
22 0.442969 0.540625 0.187500 0.250000
33 0.106250 0.859375 0.187500 0.250000
3 0.769531 0.553125 0.187500 0.250000
4 0.598437 0.319531 0.187500 0.250000
9 0.210938 0.169531 0.187500 0.250000
0 0.254688 0.637500 0.187500 0.250000
4 0.693750 0.870313 0.187500 0.250000
2 0.891406 0.378125 0.187500 0.250000
17 0.607812 0.524219 0.187500 0.250000
8 0.892188 0.810937 0.187500 0.250000
