3 0.468750 0.489844 0.187500 0.250000
16 0.210938 0.343750 0.187500 0.250000
15 0.381250 0.802344 0.187500 0.250000
16 0.571875 0.274219 0.187500 0.250000
3 0.650781 0.667188 0.187500 0.250000
21 0.734375 0.146094 0.187500 0.250000
2 0.331250 0.143750 0.187500 0.250000
23 0.884375 0.836719 0.187500 0.250000
8 0.132812 0.586719 0.187500 0.250000
13 0.841406 0.640625 0.187500 0.250000
24 0.884375 0.303125 0.187500 0.250000
29 0.127344 0.808594 0.187500 0.250000
6 0.333594 0.599219 0.187500 0.250000
8 0.157812 0.145313 0.187500 0.250000
