24 0.632031 0.491406 0.187500 0.250000
5 0.246875 0.417187 0.187500 0.250000
3 0.305469 0.623437 0.187500 0.250000
26 0.700781 0.751563 0.187500 0.250000
11 0.095312 0.875000 0.187500 0.250000
0 0.098437 0.528906 0.187500 0.250000
10 0.446875 0.224219 0.187500 0.250000
0 0.110937 0.176563 0.187500 0.250000
18 0.485156 0.846094 0.187500 0.250000
1 0.872656 0.396094 0.187500 0.250000
14 0.616406 0.191406 0.187500 0.250000
25 0.841406 0.662500 0.187500 0.250000
1 0.817187 0.129688 0.187500 0.250000
0 0.301563 0.152344 0.187500 0.250000
