24 0.785937 0.231250 0.187500 0.250000
1 0.689063 0.600781 0.187500 0.250000
8 0.105469 0.805469 0.187500 0.250000
22 0.507031 0.591406 0.187500 0.250000
12 0.344531 0.347656 0.187500 0.250000
17 0.573438 0.212500 0.187500 0.250000
23 0.861719 0.687500 0.187500 0.250000
24 0.231250 0.167187 0.187500 0.250000
0 0.643750 0.866406 0.187500 0.250000
27 0.202344 0.550000 0.187500 0.250000
32 0.373437 0.742188 0.187500 0.250000
5 0.096875 0.374219 0.187500 0.250000
2 0.867188 0.407813 0.187500 0.250000
