14 0.397656 0.217188 0.187500 0.250000
26 0.621875 0.265625 0.187500 0.250000
23 0.101562 0.328125 0.187500 0.250000
15 0.742969 0.472656 0.187500 0.250000
16 0.503125 0.850000 0.187500 0.250000
1 0.146094 0.864844 0.187500 0.250000
0 0.352344 0.686719 0.187500 0.250000
3 0.485938 0.495312 0.187500 0.250000
27 0.740625 0.717187 0.187500 0.250000
23 0.119531 0.642188 0.187500 0.250000
13 0.260937 0.414062 0.187500 0.250000
20 0.865625 0.325000 0.187500 0.250000
19 0.904687 0.853125 0.187500 0.250000
