2 0.367969 0.678906 0.187500 0.250000
3 0.213281 0.539844 0.187500 0.250000
25 0.179688 0.836719 0.187500 0.250000
31 0.553906 0.345313 0.187500 0.250000
9 0.570312 0.789062 0.187500 0.250000
10 0.836719 0.699219 0.187500 0.250000
23 0.290625 0.132812 0.187500 0.250000
26 0.832031 0.379688 0.187500 0.250000
24 0.416406 0.484375 0.187500 0.250000
13 0.733594 0.851562 0.187500 0.250000
7 0.672656 0.570312 0.187500 0.250000
13 0.115625 0.306250 0.187500 0.250000
21 0.678125 0.191406 0.187500 0.250000
32 0.452344 0.187500 0.187500 0.250000
