29 0.386719 0.860938 0.187500 0.250000
6 0.779687 0.827344 0.187500 0.250000
0 0.107813 0.773438 0.187500 0.250000
27 0.547656 0.478125 0.187500 0.250000
32 0.217188 0.563281 0.187500 0.250000
29 0.689063 0.363281 0.187500 0.250000
19 0.397656 0.505469 0.187500 0.250000
21 0.428906 0.188281 0.187500 0.250000
28 0.888281 0.150000 0.187500 0.250000
14 0.196875 0.289062 0.187500 0.250000
16 0.614062 0.657813 0.187500 0.250000
6 0.893750 0.596094 0.187500 0.250000
24 0.732031 0.142187 0.187500 0.250000
2 0.556250 0.868750 0.187500 0.250000
