30 0.259375 0.855469 0.187500 0.250000
4 0.123438 0.346094 0.187500 0.250000
27 0.786719 0.864062 0.187500 0.250000
21 0.378906 0.500781 0.187500 0.250000
25 0.423438 0.207813 0.187500 0.250000
31 0.655469 0.344531 0.187500 0.250000
1 0.567969 0.867188 0.187500 0.250000
2 0.682031 0.655469 0.187500 0.250000
8 0.514062 0.657813 0.187500 0.250000
16 0.818750 0.529687 0.187500 0.250000
10 0.253125 0.242969 0.187500 0.250000
3 0.121094 0.724219 0.187500 0.250000
8 0.102344 0.140625 0.187500 0.250000
