24 0.658594 0.640625 0.187500 0.250000
30 0.458594 0.209375 0.187500 0.250000
33 0.903125 0.340625 0.187500 0.250000
15 0.618750 0.317969 0.187500 0.250000
19 0.388281 0.653906 0.187500 0.250000
8 0.189062 0.680469 0.187500 0.250000
2 0.222656 0.432031 0.187500 0.250000
26 0.765625 0.132031 0.187500 0.250000
10 0.213281 0.182031 0.187500 0.250000
12 0.110937 0.865625 0.187500 0.250000
18 0.651563 0.865625 0.187500 0.250000
13 0.760938 0.474219 0.187500 0.250000
2 0.850000 0.831250 0.187500 0.250000
26 0.381250 0.865625 0.187500 0.250000
