0 0.196094 0.207031 0.187500 0.250000
10 0.670312 0.711719 0.187500 0.250000
1 0.431250 0.496875 0.187500 0.250000
33 0.507031 0.191406 0.187500 0.250000
30 0.692969 0.407031 0.187500 0.250000
17 0.757031 0.207031 0.187500 0.250000
15 0.196875 0.467969 0.187500 0.250000
12 0.853906 0.617188 0.187500 0.250000
22 0.164844 0.839844 0.187500 0.250000
4 0.427344 0.705469 0.187500 0.250000
26 0.103906 0.640625 0.187500 0.250000
33 0.879687 0.832031 0.187500 0.250000
12 0.352344 0.233594 0.187500 0.250000
29 0.892188 0.323437 0.187500 0.250000
