31 0.541406 0.667969 0.187500 0.250000
21 0.847656 0.745313 0.187500 0.250000
28 0.160156 0.657031 0.187500 0.250000
12 0.789062 0.477344 0.187500 0.250000
22 0.299219 0.350000 0.187500 0.250000
8 0.111719 0.462500 0.187500 0.250000
26 0.686719 0.795312 0.187500 0.250000
8 0.147656 0.155469 0.187500 0.250000
14 0.832812 0.192969 0.187500 0.250000
11 0.309375 0.587500 0.187500 0.250000
6 0.471875 0.375000 0.187500 0.250000
9 0.288281 0.857031 0.187500 0.250000
21 0.655469 0.213281 0.187500 0.250000
