22 0.717969 0.604688 0.187500 0.250000
11 0.414062 0.384375 0.187500 0.250000
29 0.748437 0.351562 0.187500 0.250000
6 0.270313 0.587500 0.187500 0.250000
30 0.246094 0.373437 0.187500 0.250000
7 0.117969 0.182031 0.187500 0.250000
33 0.311719 0.843750 0.187500 0.250000
9 0.428906 0.635938 0.187500 0.250000
23 0.607031 0.861719 0.187500 0.250000
6 0.886719 0.837500 0.187500 0.250000
15 0.422656 0.143750 0.187500 0.250000
21 0.102344 0.532031 0.187500 0.250000
24 0.767188 0.133594 0.187500 0.250000
28 0.550000 0.497656 0.187500 0.250000
