26 0.177344 0.772656 0.187500 0.250000
26 0.550000 0.128906 0.187500 0.250000
22 0.440625 0.670312 0.187500 0.250000
12 0.249219 0.580469 0.187500 0.250000
22 0.646875 0.300000 0.187500 0.250000
7 0.831250 0.212500 0.187500 0.250000
14 0.271875 0.353906 0.187500 0.250000
28 0.901563 0.565625 0.187500 0.250000
8 0.692969 0.776563 0.187500 0.250000
15 0.853906 0.807031 0.187500 0.250000
5 0.746875 0.494531 0.187500 0.250000
18 0.475000 0.338281 0.187500 0.250000
10 0.594531 0.581250 0.187500 0.250000
18 0.332813 0.870313 0.187500 0.250000
