3 0.855469 0.467969 0.187500 0.250000
27 0.231250 0.845313 0.187500 0.250000
21 0.672656 0.148438 0.187500 0.250000
22 0.804688 0.842187 0.187500 0.250000
8 0.435156 0.268750 0.187500 0.250000
26 0.610938 0.735938 0.187500 0.250000
33 0.284375 0.189062 0.187500 0.250000
33 0.756250 0.653125 0.187500 0.250000
2 0.442969 0.540625 0.187500 0.250000
15 0.722656 0.357031 0.187500 0.250000
20 0.096875 0.525781 0.187500 0.250000
20 0.239844 0.605469 0.187500 0.250000
2 0.182031 0.352344 0.187500 0.250000
6 0.436719 0.769531 0.187500 0.250000
