13 0.712500 0.722656 0.187500 0.250000
33 0.576562 0.600781 0.187500 0.250000
22 0.714063 0.207813 0.187500 0.250000
27 0.353125 0.242969 0.187500 0.250000
21 0.739844 0.432031 0.187500 0.250000
14 0.399219 0.703125 0.187500 0.250000
0 0.542188 0.232813 0.187500 0.250000
6 0.195312 0.675000 0.187500 0.250000
17 0.137500 0.133594 0.187500 0.250000
31 0.905469 0.266406 0.187500 0.250000
14 0.532031 0.863281 0.187500 0.250000
26 0.266406 0.874219 0.187500 0.250000
24 0.901563 0.781250 0.187500 0.250000
4 0.127344 0.335938 0.187500 0.250000
