1 0.814063 0.442188 0.187500 0.250000
2 0.496094 0.699219 0.187500 0.250000
16 0.593750 0.414062 0.187500 0.250000
16 0.239063 0.496875 0.187500 0.250000
13 0.278125 0.874219 0.187500 0.250000
7 0.098437 0.275000 0.187500 0.250000
5 0.374219 0.170313 0.187500 0.250000
5 0.648438 0.184375 0.187500 0.250000
18 0.885156 0.130469 0.187500 0.250000
26 0.831250 0.849219 0.187500 0.250000
9 0.425781 0.514062 0.187500 0.250000
26 0.737500 0.674219 0.187500 0.250000
22 0.116406 0.752344 0.187500 0.250000
