11 0.380469 0.632812 0.187500 0.250000
7 0.485938 0.443750 0.187500 0.250000
4 0.828906 0.208594 0.187500 0.250000
18 0.665625 0.171094 0.187500 0.250000
22 0.133594 0.271875 0.187500 0.250000
15 0.728906 0.450781 0.187500 0.250000
13 0.757031 0.749219 0.187500 0.250000
6 0.194531 0.605469 0.187500 0.250000
10 0.301563 0.363281 0.187500 0.250000
25 0.417187 0.171094 0.187500 0.250000
13 0.203906 0.846875 0.187500 0.250000
6 0.475000 0.812500 0.187500 0.250000
4 0.609375 0.692969 0.187500 0.250000
