18 0.346094 0.222656 0.187500 0.250000
19 0.716406 0.764844 0.187500 0.250000
15 0.713281 0.516406 0.187500 0.250000
13 0.535156 0.139063 0.187500 0.250000
6 0.368750 0.521875 0.187500 0.250000
6 0.733594 0.192188 0.187500 0.250000
16 0.883594 0.846875 0.187500 0.250000
9 0.110156 0.446094 0.187500 0.250000
1 0.889844 0.286719 0.187500 0.250000
32 0.105469 0.800000 0.187500 0.250000
11 0.855469 0.650000 0.187500 0.250000
28 0.550000 0.596094 0.187500 0.250000
23 0.305469 0.851562 0.187500 0.250000
