33 0.481250 0.202344 0.187500 0.250000
11 0.703906 0.801562 0.187500 0.250000
9 0.353125 0.311719 0.187500 0.250000
25 0.157812 0.727344 0.187500 0.250000
3 0.200781 0.532031 0.187500 0.250000
2 0.162500 0.259375 0.187500 0.250000
9 0.533594 0.769531 0.187500 0.250000
19 0.635156 0.282813 0.187500 0.250000
31 0.419531 0.632031 0.187500 0.250000
23 0.771875 0.386719 0.187500 0.250000
25 0.750781 0.589063 0.187500 0.250000
28 0.848437 0.181250 0.187500 0.250000
27 0.896094 0.767188 0.187500 0.250000
0 0.561719 0.559375 0.187500 0.250000
