24 0.572656 0.486719 0.187500 0.250000
22 0.703906 0.736719 0.187500 0.250000
24 0.600000 0.164062 0.187500 0.250000
19 0.357812 0.185156 0.187500 0.250000
23 0.460938 0.781250 0.187500 0.250000
2 0.174219 0.413281 0.187500 0.250000
31 0.881250 0.523438 0.187500 0.250000
27 0.798438 0.185156 0.187500 0.250000
3 0.413281 0.537500 0.187500 0.250000
12 0.250000 0.595313 0.187500 0.250000
27 0.157031 0.772656 0.187500 0.250000
8 0.164062 0.158594 0.187500 0.250000
15 0.888281 0.771094 0.187500 0.250000
