0 0.731250 0.836719 0.187500 0.250000
25 0.543750 0.384375 0.187500 0.250000
30 0.754687 0.563281 0.187500 0.250000
7 0.095312 0.766406 0.187500 0.250000
13 0.218750 0.302344 0.187500 0.250000
26 0.463281 0.628906 0.187500 0.250000
0 0.685156 0.282813 0.187500 0.250000
1 0.165625 0.498437 0.187500 0.250000
19 0.889062 0.316406 0.187500 0.250000
23 0.384375 0.824219 0.187500 0.250000
30 0.267188 0.667188 0.187500 0.250000
18 0.354687 0.128125 0.187500 0.250000
15 0.885938 0.864844 0.187500 0.250000
8 0.604688 0.714063 0.187500 0.250000
