9 0.386719 0.375781 0.187500 0.250000
19 0.654687 0.692187 0.187500 0.250000
33 0.598437 0.186719 0.187500 0.250000
9 0.828906 0.604688 0.187500 0.250000
27 0.626563 0.387500 0.187500 0.250000
9 0.160938 0.379688 0.187500 0.250000
30 0.201563 0.821875 0.187500 0.250000
9 0.897656 0.844531 0.187500 0.250000
14 0.439063 0.589063 0.187500 0.250000
6 0.889844 0.171094 0.187500 0.250000
12 0.158594 0.607031 0.187500 0.250000
27 0.214062 0.180469 0.187500 0.250000
30 0.429688 0.838281 0.187500 0.250000
