26 0.472656 0.371094 0.187500 0.250000
14 0.282031 0.575000 0.187500 0.250000
9 0.863281 0.693750 0.187500 0.250000
27 0.848437 0.377344 0.187500 0.250000
31 0.379688 0.144531 0.187500 0.250000
0 0.223438 0.262500 0.187500 0.250000
11 0.689844 0.720313 0.187500 0.250000
2 0.130469 0.759375 0.187500 0.250000
15 0.525000 0.773438 0.187500 0.250000
16 0.669531 0.410938 0.187500 0.250000
25 0.298438 0.800781 0.187500 0.250000
10 0.760938 0.178125 0.187500 0.250000
5 0.136719 0.455469 0.187500 0.250000
22 0.478125 0.582812 0.187500 0.250000
