13 0.315625 0.484375 0.187500 0.250000
21 0.803125 0.453125 0.187500 0.250000
14 0.357812 0.785156 0.187500 0.250000
1 0.834375 0.176563 0.187500 0.250000
21 0.663281 0.303906 0.187500 0.250000
31 0.176563 0.312500 0.187500 0.250000
30 0.546875 0.139844 0.187500 0.250000
4 0.685937 0.795312 0.187500 0.250000
10 0.189062 0.803906 0.187500 0.250000
27 0.491406 0.499219 0.187500 0.250000
28 0.418750 0.320312 0.187500 0.250000
22 0.519531 0.810937 0.187500 0.250000
25 0.875781 0.770312 0.187500 0.250000
