21 0.214062 0.614062 0.187500 0.250000
33 0.750781 0.696094 0.187500 0.250000
29 0.247656 0.325000 0.187500 0.250000
21 0.639062 0.384375 0.187500 0.250000
19 0.896094 0.157031 0.187500 0.250000
3 0.364063 0.696094 0.187500 0.250000
28 0.484375 0.860156 0.187500 0.250000
16 0.878125 0.444531 0.187500 0.250000
21 0.483594 0.346094 0.187500 0.250000
20 0.714844 0.125000 0.187500 0.250000
25 0.096875 0.195312 0.187500 0.250000
6 0.418750 0.164844 0.187500 0.250000
7 0.110156 0.830469 0.187500 0.250000
