24 0.416406 0.125000 0.187500 0.250000
0 0.681250 0.653125 0.187500 0.250000
23 0.462500 0.854688 0.187500 0.250000
24 0.195312 0.305469 0.187500 0.250000
0 0.654687 0.265625 0.187500 0.250000
31 0.526563 0.441406 0.187500 0.250000
11 0.297656 0.526563 0.187500 0.250000
10 0.100000 0.861719 0.187500 0.250000
27 0.896094 0.303125 0.187500 0.250000
33 0.649219 0.863281 0.187500 0.250000
19 0.316406 0.807813 0.187500 0.250000
4 0.803906 0.528125 0.187500 0.250000
10 0.807031 0.819531 0.187500 0.250000
