22 0.571875 0.692187 0.187500 0.250000
26 0.836719 0.810156 0.187500 0.250000
29 0.132031 0.296094 0.187500 0.250000
20 0.450000 0.233594 0.187500 0.250000
25 0.186719 0.714063 0.187500 0.250000
23 0.739062 0.617969 0.187500 0.250000
30 0.675000 0.199219 0.187500 0.250000
30 0.410156 0.491406 0.187500 0.250000
18 0.596094 0.389062 0.187500 0.250000
33 0.682813 0.866406 0.187500 0.250000
13 0.408594 0.810937 0.187500 0.250000
17 0.889844 0.351562 0.187500 0.250000
4 0.274219 0.232031 0.187500 0.250000
18 0.093750 0.504687 0.187500 0.250000
