15 0.352344 0.846875 0.187500 0.250000
12 0.535156 0.455469 0.187500 0.250000
7 0.139844 0.522656 0.187500 0.250000
4 0.553125 0.255469 0.187500 0.250000
30 0.240625 0.200781 0.187500 0.250000
29 0.506250 0.856250 0.187500 0.250000
23 0.370312 0.496875 0.187500 0.250000
2 0.833594 0.423438 0.187500 0.250000
9 0.116406 0.321094 0.187500 0.250000
9 0.723437 0.819531 0.187500 0.250000
7 0.224219 0.695312 0.187500 0.250000
13 0.778125 0.215625 0.187500 0.250000
13 0.657813 0.606250 0.187500 0.250000
29 0.876563 0.720313 0.187500 0.250000
