15 0.399219 0.387500 0.187500 0.250000
33 0.211719 0.141406 0.187500 0.250000
6 0.264844 0.734375 0.187500 0.250000
25 0.692187 0.306250 0.187500 0.250000
5 0.121875 0.641406 0.187500 0.250000
1 0.545312 0.606250 0.187500 0.250000
10 0.861719 0.508594 0.187500 0.250000
29 0.557031 0.819531 0.187500 0.250000
12 0.232813 0.467187 0.187500 0.250000
10 0.846875 0.169531 0.187500 0.250000
22 0.812500 0.764844 0.187500 0.250000
22 0.097656 0.328125 0.187500 0.250000
6 0.689844 0.549219 0.187500 0.250000
15 0.514844 0.160156 0.187500 0.250000
