1 0.117969 0.246094 0.187500 0.250000
1 0.253125 0.728906 0.187500 0.250000
30 0.696094 0.199219 0.187500 0.250000
24 0.735156 0.531250 0.187500 0.250000
5 0.369531 0.228906 0.187500 0.250000
8 0.796094 0.858594 0.187500 0.250000
17 0.239844 0.375000 0.187500 0.250000
20 0.440625 0.826562 0.187500 0.250000
24 0.394531 0.606250 0.187500 0.250000
23 0.606250 0.779687 0.187500 0.250000
10 0.582812 0.501563 0.187500 0.250000
28 0.901563 0.413281 0.187500 0.250000
23 0.521875 0.257031 0.187500 0.250000
2 0.097656 0.538281 0.187500 0.250000
