29 0.167187 0.494531 0.187500 0.250000
12 0.362500 0.373437 0.187500 0.250000
19 0.618750 0.828125 0.187500 0.250000
3 0.607812 0.400781 0.187500 0.250000
28 0.625000 0.198437 0.187500 0.250000
0 0.668750 0.596094 0.187500 0.250000
12 0.448437 0.666406 0.187500 0.250000
24 0.815625 0.548438 0.187500 0.250000
13 0.111719 0.856250 0.187500 0.250000
5 0.251563 0.158594 0.187500 0.250000
22 0.904687 0.764062 0.187500 0.250000
21 0.842969 0.307031 0.187500 0.250000
5 0.295312 0.681250 0.187500 0.250000
12 0.420312 0.145313 0.187500 0.250000
