15 0.313281 0.382031 0.187500 0.250000
1 0.867188 0.527344 0.187500 0.250000
10 0.538281 0.514844 0.187500 0.250000
3 0.551562 0.722656 0.187500 0.250000
7 0.801562 0.864062 0.187500 0.250000
30 0.864844 0.252344 0.187500 0.250000
13 0.132812 0.421094 0.187500 0.250000
8 0.260156 0.654687 0.187500 0.250000
15 0.468750 0.225781 0.187500 0.250000
17 0.705469 0.596875 0.187500 0.250000
15 0.171875 0.872656 0.187500 0.250000
19 0.655469 0.154688 0.187500 0.250000
8 0.196875 0.194531 0.187500 0.250000
