31 0.104688 0.345313 0.187500 0.250000
5 0.827344 0.472656 0.187500 0.250000
11 0.550000 0.756250 0.187500 0.250000
25 0.312500 0.631250 0.187500 0.250000
32 0.388281 0.327344 0.187500 0.250000
23 0.672656 0.628125 0.187500 0.250000
32 0.139844 0.590625 0.187500 0.250000
33 0.683594 0.133594 0.187500 0.250000
22 0.798438 0.799219 0.187500 0.250000
9 0.569531 0.395313 0.187500 0.250000
21 0.868750 0.138281 0.187500 0.250000
16 0.293750 0.167187 0.187500 0.250000
3 0.222656 0.818750 0.187500 0.250000
22 0.392969 0.853906 0.187500 0.250000
