7 0.503125 0.298438 0.187500 0.250000
8 0.272656 0.269531 0.187500 0.250000
18 0.287500 0.473438 0.187500 0.250000
0 0.509375 0.818750 0.187500 0.250000
20 0.592187 0.492188 0.187500 0.250000
30 0.099219 0.757812 0.187500 0.250000
5 0.830469 0.605469 0.187500 0.250000
13 0.671094 0.137500 0.187500 0.250000
15 0.725000 0.387500 0.187500 0.250000
24 0.889062 0.157812 0.187500 0.250000
33 0.436719 0.588281 0.187500 0.250000
24 0.131250 0.477344 0.187500 0.250000
0 0.133594 0.132031 0.187500 0.250000
10 0.282813 0.841406 0.187500 0.250000
