12 0.765625 0.279687 0.187500 0.250000
1 0.831250 0.865625 0.187500 0.250000
33 0.647656 0.745313 0.187500 0.250000
11 0.373437 0.592969 0.187500 0.250000
31 0.159375 0.675781 0.187500 0.250000
14 0.807031 0.609375 0.187500 0.250000
31 0.578125 0.523438 0.187500 0.250000
18 0.195312 0.159375 0.187500 0.250000
5 0.448437 0.403125 0.187500 0.250000
30 0.361719 0.805469 0.187500 0.250000
25 0.371094 0.133594 0.187500 0.250000
9 0.591406 0.151562 0.187500 0.250000
18 0.196875 0.412500 0.187500 0.250000
