27 0.165625 0.530469 0.187500 0.250000
1 0.867969 0.651563 0.187500 0.250000
32 0.247656 0.292187 0.187500 0.250000
11 0.740625 0.819531 0.187500 0.250000
7 0.848437 0.378906 0.187500 0.250000
18 0.703125 0.537500 0.187500 0.250000
12 0.867969 0.153125 0.187500 0.250000
27 0.381250 0.140625 0.187500 0.250000
32 0.659375 0.240625 0.187500 0.250000
14 0.441406 0.803125 0.187500 0.250000
10 0.499219 0.284375 0.187500 0.250000
16 0.385937 0.544531 0.187500 0.250000
21 0.119531 0.727344 0.187500 0.250000
31 0.532031 0.630469 0.187500 0.250000
