10 0.360156 0.206250 0.187500 0.250000
11 0.142187 0.583594 0.187500 0.250000
15 0.516406 0.271875 0.187500 0.250000
17 0.275781 0.678906 0.187500 0.250000
2 0.490625 0.492188 0.187500 0.250000
17 0.745313 0.180469 0.187500 0.250000
7 0.875781 0.632031 0.187500 0.250000
18 0.560156 0.713281 0.187500 0.250000
32 0.182031 0.288281 0.187500 0.250000
15 0.795312 0.385937 0.187500 0.250000
27 0.722656 0.638281 0.187500 0.250000
33 0.103906 0.868750 0.187500 0.250000
16 0.378125 0.860938 0.187500 0.250000
