12 0.591406 0.527344 0.187500 0.250000
14 0.410938 0.425000 0.187500 0.250000
30 0.314844 0.796094 0.187500 0.250000
6 0.790625 0.868750 0.187500 0.250000
3 0.676562 0.126562 0.187500 0.250000
32 0.252344 0.560156 0.187500 0.250000
25 0.440625 0.646875 0.187500 0.250000
12 0.217188 0.339062 0.187500 0.250000
8 0.360938 0.130469 0.187500 0.250000
5 0.778906 0.508594 0.187500 0.250000
19 0.892188 0.646875 0.187500 0.250000
19 0.546094 0.862500 0.187500 0.250000
8 0.853906 0.189844 0.187500 0.250000
8 0.124219 0.819531 0.187500 0.250000
