0 0.753906 0.421875 0.187500 0.250000
24 0.899219 0.804688 0.187500 0.250000
1 0.295312 0.412500 0.187500 0.250000
8 0.560156 0.500000 0.187500 0.250000
6 0.461719 0.218750 0.187500 0.250000
24 0.428125 0.817187 0.187500 0.250000
3 0.169531 0.651563 0.187500 0.250000
26 0.614844 0.704688 0.187500 0.250000
24 0.142187 0.281250 0.187500 0.250000
23 0.285938 0.150781 0.187500 0.250000
1 0.868750 0.125781 0.187500 0.250000
5 0.205469 0.862500 0.187500 0.250000
23 0.715625 0.859375 0.187500 0.250000
