0 0.525000 0.385156 0.187500 0.250000
4 0.895312 0.421875 0.187500 0.250000
1 0.203125 0.333594 0.187500 0.250000
3 0.746875 0.632031 0.187500 0.250000
26 0.132031 0.728125 0.187500 0.250000
14 0.255469 0.865625 0.187500 0.250000
15 0.295312 0.510938 0.187500 0.250000
16 0.735156 0.207813 0.187500 0.250000
7 0.316406 0.158594 0.187500 0.250000
25 0.409375 0.646094 0.187500 0.250000
21 0.580469 0.621875 0.187500 0.250000
20 0.894531 0.847656 0.187500 0.250000
10 0.734375 0.860156 0.187500 0.250000
18 0.108594 0.135156 0.187500 0.250000
