21 0.731250 0.802344 0.187500 0.250000
3 0.180469 0.586719 0.187500 0.250000
0 0.632812 0.581250 0.187500 0.250000
30 0.678125 0.164062 0.187500 0.250000
3 0.153906 0.822656 0.187500 0.250000
7 0.903125 0.602344 0.187500 0.250000
7 0.327344 0.340625 0.187500 0.250000
4 0.210156 0.187500 0.187500 0.250000
29 0.338281 0.567969 0.187500 0.250000
28 0.535937 0.337500 0.187500 0.250000
16 0.514844 0.719531 0.187500 0.250000
15 0.842187 0.136719 0.187500 0.250000
15 0.388281 0.867969 0.187500 0.250000
13 0.485938 0.138281 0.187500 0.250000
