30 0.104688 0.782031 0.187500 0.250000
28 0.467187 0.614062 0.187500 0.250000
25 0.682813 0.624219 0.187500 0.250000
9 0.299219 0.610938 0.187500 0.250000
21 0.248438 0.322656 0.187500 0.250000
11 0.541406 0.802344 0.187500 0.250000
6 0.851562 0.753906 0.187500 0.250000
33 0.177344 0.132031 0.187500 0.250000
31 0.507812 0.267969 0.187500 0.250000
23 0.824219 0.507812 0.187500 0.250000
27 0.393750 0.848437 0.187500 0.250000
15 0.734375 0.150000 0.187500 0.250000
3 0.632031 0.408594 0.187500 0.250000
16 0.121094 0.488281 0.187500 0.250000
