6 0.253906 0.653125 0.187500 0.250000
20 0.341406 0.256250 0.187500 0.250000
17 0.507031 0.517969 0.187500 0.250000
13 0.873437 0.424219 0.187500 0.250000
18 0.440625 0.767188 0.187500 0.250000
11 0.867188 0.146875 0.187500 0.250000
0 0.776563 0.782813 0.187500 0.250000
27 0.616406 0.725000 0.187500 0.250000
30 0.125000 0.221875 0.187500 0.250000
19 0.093750 0.721094 0.187500 0.250000
8 0.520312 0.153125 0.187500 0.250000
21 0.723437 0.541406 0.187500 0.250000
16 0.272656 0.855469 0.187500 0.250000
21 0.093750 0.485156 0.187500 0.250000
