2 0.508594 0.257031 0.187500 0.250000
28 0.719531 0.259375 0.187500 0.250000
29 0.563281 0.545312 0.187500 0.250000
4 0.257031 0.335156 0.187500 0.250000
29 0.462500 0.860156 0.187500 0.250000
9 0.162500 0.694531 0.187500 0.250000
29 0.297656 0.593750 0.187500 0.250000
9 0.839844 0.737500 0.187500 0.250000
2 0.732031 0.478125 0.187500 0.250000
9 0.607031 0.750000 0.187500 0.250000
21 0.346094 0.146094 0.187500 0.250000
12 0.099219 0.207031 0.187500 0.250000
22 0.395313 0.415625 0.187500 0.250000
