33 0.644531 0.153906 0.187500 0.250000
17 0.620313 0.536719 0.187500 0.250000
7 0.816406 0.714844 0.187500 0.250000
11 0.485156 0.696094 0.187500 0.250000
12 0.132812 0.291406 0.187500 0.250000
26 0.100000 0.843750 0.187500 0.250000
9 0.894531 0.493750 0.187500 0.250000
7 0.138281 0.644531 0.187500 0.250000
7 0.269531 0.450781 0.187500 0.250000
23 0.859375 0.231250 0.187500 0.250000
19 0.568750 0.344531 0.187500 0.250000
4 0.392188 0.196094 0.187500 0.250000
0 0.342187 0.833594 0.187500 0.250000
19 0.628906 0.821875 0.187500 0.250000
