2 0.617969 0.375000 0.187500 0.250000
22 0.355469 0.489063 0.187500 0.250000
8 0.857812 0.614844 0.187500 0.250000
29 0.117188 0.159375 0.187500 0.250000
0 0.435156 0.731250 0.187500 0.250000
5 0.875000 0.407031 0.187500 0.250000
26 0.632031 0.856250 0.187500 0.250000
33 0.867969 0.160156 0.187500 0.250000
32 0.152344 0.625000 0.187500 0.250000
13 0.113281 0.423438 0.187500 0.250000
6 0.446875 0.206250 0.187500 0.250000
0 0.653906 0.171875 0.187500 0.250000
3 0.707031 0.653125 0.187500 0.250000
