9 0.759375 0.490625 0.187500 0.250000
28 0.228906 0.341406 0.187500 0.250000
20 0.773438 0.178906 0.187500 0.250000
24 0.550781 0.757031 0.187500 0.250000
19 0.825781 0.867188 0.187500 0.250000
16 0.257031 0.635156 0.187500 0.250000
14 0.573438 0.271094 0.187500 0.250000
17 0.441406 0.501563 0.187500 0.250000
29 0.096094 0.513281 0.187500 0.250000
0 0.165625 0.853906 0.187500 0.250000
1 0.270313 0.148438 0.187500 0.250000
13 0.361719 0.832812 0.187500 0.250000
17 0.604688 0.501563 0.187500 0.250000
12 0.706250 0.727344 0.187500 0.250000
