13 0.800000 0.295312 0.187500 0.250000
8 0.900000 0.125781 0.187500 0.250000
18 0.486719 0.527344 0.187500 0.250000
29 0.638281 0.453906 0.187500 0.250000
22 0.201563 0.800000 0.187500 0.250000
8 0.617969 0.864062 0.187500 0.250000
16 0.137500 0.236719 0.187500 0.250000
21 0.825000 0.746875 0.187500 0.250000
15 0.193750 0.571875 0.187500 0.250000
0 0.367969 0.395313 0.187500 0.250000
5 0.361719 0.723437 0.187500 0.250000
25 0.674219 0.164062 0.187500 0.250000
15 0.521094 0.253906 0.187500 0.250000
0 0.349219 0.195312 0.187500 0.250000
