13 0.210938 0.860156 0.187500 0.250000
24 0.424219 0.648438 0.187500 0.250000
14 0.655469 0.288281 0.187500 0.250000
26 0.169531 0.539062 0.187500 0.250000
27 0.904687 0.560156 0.187500 0.250000
19 0.494531 0.161719 0.187500 0.250000
0 0.233594 0.311719 0.187500 0.250000
28 0.396094 0.392969 0.187500 0.250000
10 0.845313 0.211719 0.187500 0.250000
20 0.536719 0.867969 0.187500 0.250000
21 0.710156 0.555469 0.187500 0.250000
4 0.692969 0.853125 0.187500 0.250000
25 0.124219 0.128906 0.187500 0.250000
