33 0.114062 0.360938 0.187500 0.250000
2 0.186719 0.671094 0.187500 0.250000
4 0.450781 0.158594 0.187500 0.250000
15 0.576562 0.453906 0.187500 0.250000
22 0.684375 0.817187 0.187500 0.250000
3 0.406250 0.710938 0.187500 0.250000
14 0.840625 0.257812 0.187500 0.250000
21 0.868750 0.829688 0.187500 0.250000
19 0.319531 0.278906 0.187500 0.250000
31 0.664062 0.214062 0.187500 0.250000
22 0.879687 0.607812 0.187500 0.250000
27 0.746875 0.460938 0.187500 0.250000
20 0.095312 0.160156 0.187500 0.250000
17 0.262500 0.464062 0.187500 0.250000
