4 0.730469 0.128125 0.187500 0.250000
5 0.426563 0.140625 0.187500 0.250000
1 0.775000 0.665625 0.187500 0.250000
23 0.487500 0.347656 0.187500 0.250000
9 0.126562 0.217188 0.187500 0.250000
27 0.251563 0.730469 0.187500 0.250000
22 0.189844 0.536719 0.187500 0.250000
10 0.496875 0.639844 0.187500 0.250000
27 0.873437 0.834375 0.187500 0.250000
10 0.732812 0.344531 0.187500 0.250000
2 0.629687 0.518750 0.187500 0.250000
33 0.882812 0.490625 0.187500 0.250000
16 0.103906 0.829688 0.187500 0.250000
19 0.605469 0.871094 0.187500 0.250000
