11 0.470313 0.621875 0.187500 0.250000
15 0.603906 0.529687 0.187500 0.250000
4 0.132031 0.289062 0.187500 0.250000
17 0.159375 0.563281 0.187500 0.250000
7 0.772656 0.571875 0.187500 0.250000
8 0.436719 0.189062 0.187500 0.250000
1 0.358594 0.439063 0.187500 0.250000
3 0.829688 0.350781 0.187500 0.250000
27 0.585938 0.285938 0.187500 0.250000
2 0.815625 0.782031 0.187500 0.250000
33 0.814063 0.127344 0.187500 0.250000
12 0.496875 0.864844 0.187500 0.250000
4 0.123438 0.853906 0.187500 0.250000
