3 0.826562 0.648438 0.187500 0.250000
3 0.420312 0.850000 0.187500 0.250000
19 0.883594 0.328125 0.187500 0.250000
4 0.492969 0.546875 0.187500 0.250000
15 0.250781 0.741406 0.187500 0.250000
29 0.753906 0.863281 0.187500 0.250000
13 0.325000 0.331250 0.187500 0.250000
9 0.144531 0.578906 0.187500 0.250000
25 0.718750 0.309375 0.187500 0.250000
25 0.550000 0.735938 0.187500 0.250000
26 0.584375 0.203906 0.187500 0.250000
1 0.177344 0.145313 0.187500 0.250000
5 0.677344 0.517188 0.187500 0.250000
