29 0.291406 0.357031 0.187500 0.250000
1 0.876563 0.401562 0.187500 0.250000
22 0.116406 0.836719 0.187500 0.250000
24 0.454688 0.414062 0.187500 0.250000
7 0.438281 0.801562 0.187500 0.250000
6 0.342187 0.644531 0.187500 0.250000
4 0.153906 0.157812 0.187500 0.250000
13 0.681250 0.532031 0.187500 0.250000
13 0.891406 0.851562 0.187500 0.250000
31 0.632031 0.817187 0.187500 0.250000
14 0.708594 0.234375 0.187500 0.250000
23 0.150000 0.603906 0.187500 0.250000
0 0.799219 0.689844 0.187500 0.250000
10 0.479687 0.125000 0.187500 0.250000
