14 0.495312 0.701562 0.187500 0.250000
30 0.791406 0.789062 0.187500 0.250000
23 0.207813 0.639062 0.187500 0.250000
12 0.740625 0.425781 0.187500 0.250000
22 0.515625 0.253906 0.187500 0.250000
26 0.864844 0.190625 0.187500 0.250000
7 0.848437 0.576562 0.187500 0.250000
27 0.327344 0.286719 0.187500 0.250000
11 0.149219 0.825000 0.187500 0.250000
33 0.346875 0.739844 0.187500 0.250000
18 0.164062 0.137500 0.187500 0.250000
14 0.449219 0.503906 0.187500 0.250000
9 0.682813 0.236719 0.187500 0.250000
8 0.158594 0.442188 0.187500 0.250000
