29 0.466406 0.515625 0.187500 0.250000
15 0.523438 0.156250 0.187500 0.250000
26 0.889062 0.657813 0.187500 0.250000
5 0.592187 0.347656 0.187500 0.250000
11 0.736719 0.193750 0.187500 0.250000
33 0.171094 0.679688 0.187500 0.250000
19 0.341406 0.789844 0.187500 0.250000
22 0.284375 0.396875 0.187500 0.250000
8 0.657813 0.539062 0.187500 0.250000
20 0.124219 0.405469 0.187500 0.250000
33 0.522656 0.832031 0.187500 0.250000
33 0.814844 0.385156 0.187500 0.250000
24 0.700000 0.778906 0.187500 0.250000
32 0.207031 0.154688 0.187500 0.250000
