12 0.123438 0.357812 0.187500 0.250000
14 0.494531 0.452344 0.187500 0.250000
1 0.747656 0.348438 0.187500 0.250000
1 0.295312 0.546875 0.187500 0.250000
5 0.655469 0.742969 0.187500 0.250000
2 0.314063 0.221094 0.187500 0.250000
31 0.839844 0.742969 0.187500 0.250000
25 0.484375 0.129688 0.187500 0.250000
25 0.448437 0.738281 0.187500 0.250000
13 0.674219 0.160938 0.187500 0.250000
31 0.097656 0.806250 0.187500 0.250000
0 0.886719 0.212500 0.187500 0.250000
19 0.287500 0.821875 0.187500 0.250000
23 0.643750 0.537500 0.187500 0.250000
