8 0.839063 0.423438 0.187500 0.250000
23 0.270313 0.414062 0.187500 0.250000
30 0.535156 0.371875 0.187500 0.250000
9 0.322656 0.782031 0.187500 0.250000
15 0.407813 0.497656 0.187500 0.250000
19 0.392188 0.213281 0.187500 0.250000
30 0.699219 0.685937 0.187500 0.250000
16 0.214844 0.189062 0.187500 0.250000
26 0.548438 0.144531 0.187500 0.250000
3 0.108594 0.684375 0.187500 0.250000
33 0.875781 0.801562 0.187500 0.250000
19 0.689063 0.471094 0.187500 0.250000
26 0.489063 0.821094 0.187500 0.250000
27 0.103906 0.341406 0.187500 0.250000
