7 0.474219 0.782813 0.187500 0.250000
27 0.230469 0.487500 0.187500 0.250000
22 0.650000 0.570312 0.187500 0.250000
7 0.832812 0.418750 0.187500 0.250000
0 0.446094 0.164062 0.187500 0.250000
31 0.817187 0.674219 0.187500 0.250000
19 0.764062 0.220312 0.187500 0.250000
3 0.214062 0.829688 0.187500 0.250000
15 0.460156 0.510156 0.187500 0.250000
10 0.237500 0.176563 0.187500 0.250000
8 0.104688 0.289062 0.187500 0.250000
19 0.600000 0.198437 0.187500 0.250000
27 0.728906 0.857031 0.187500 0.250000
