18 0.467187 0.817187 0.187500 0.250000
18 0.671875 0.439844 0.187500 0.250000
32 0.832812 0.506250 0.187500 0.250000
23 0.257812 0.567187 0.187500 0.250000
25 0.839844 0.253906 0.187500 0.250000
25 0.382812 0.337500 0.187500 0.250000
22 0.140625 0.248438 0.187500 0.250000
4 0.100781 0.777344 0.187500 0.250000
28 0.455469 0.158594 0.187500 0.250000
15 0.782031 0.796875 0.187500 0.250000
1 0.458594 0.610938 0.187500 0.250000
3 0.312500 0.800000 0.187500 0.250000
4 0.652344 0.186719 0.187500 0.250000
29 0.289844 0.128906 0.187500 0.250000
