12 0.126562 0.714844 0.187500 0.250000
26 0.817187 0.701562 0.187500 0.250000
28 0.529687 0.765625 0.187500 0.250000
30 0.383594 0.128906 0.187500 0.250000
1 0.413281 0.353906 0.187500 0.250000
4 0.844531 0.192188 0.187500 0.250000
10 0.173437 0.160156 0.187500 0.250000
24 0.644531 0.457813 0.187500 0.250000
3 0.279687 0.542188 0.187500 0.250000
25 0.904687 0.526563 0.187500 0.250000
0 0.379688 0.849219 0.187500 0.250000
14 0.560937 0.168750 0.187500 0.250000
4 0.231250 0.346875 0.187500 0.250000
