29 0.571094 0.283594 0.187500 0.250000
4 0.138281 0.338281 0.187500 0.250000
29 0.331250 0.832812 0.187500 0.250000
2 0.802344 0.792188 0.187500 0.250000
4 0.800781 0.517188 0.187500 0.250000
23 0.178906 0.621875 0.187500 0.250000
33 0.294531 0.183594 0.187500 0.250000
2 0.487500 0.770312 0.187500 0.250000
8 0.796094 0.135937 0.187500 0.250000
11 0.114844 0.830469 0.187500 0.250000
28 0.610156 0.589844 0.187500 0.250000
22 0.315625 0.384375 0.187500 0.250000
7 0.733594 0.319531 0.187500 0.250000
8 0.432031 0.529687 0.187500 0.250000
