3 0.727344 0.167969 0.187500 0.250000
23 0.215625 0.771875 0.187500 0.250000
21 0.361719 0.825781 0.187500 0.250000
18 0.605469 0.539062 0.187500 0.250000
20 0.158594 0.350781 0.187500 0.250000
15 0.889844 0.629687 0.187500 0.250000
13 0.508594 0.137500 0.187500 0.250000
22 0.536719 0.728906 0.187500 0.250000
2 0.813281 0.816406 0.187500 0.250000
16 0.321875 0.345313 0.187500 0.250000
14 0.332031 0.595313 0.187500 0.250000
16 0.662500 0.353906 0.187500 0.250000
3 0.882031 0.163281 0.187500 0.250000
26 0.460938 0.448437 0.187500 0.250000
