12 0.414062 0.543750 0.187500 0.250000
6 0.903906 0.604688 0.187500 0.250000
4 0.185938 0.502344 0.187500 0.250000
4 0.241406 0.842187 0.187500 0.250000
17 0.892969 0.850781 0.187500 0.250000
27 0.692187 0.241406 0.187500 0.250000
28 0.627344 0.828906 0.187500 0.250000
6 0.253125 0.321875 0.187500 0.250000
10 0.531250 0.146094 0.187500 0.250000
14 0.635938 0.522656 0.187500 0.250000
7 0.424219 0.832812 0.187500 0.250000
26 0.108594 0.125781 0.187500 0.250000
24 0.906250 0.228125 0.187500 0.250000
30 0.484375 0.359375 0.187500 0.250000
