26 0.889844 0.841406 0.187500 0.250000
23 0.591406 0.562500 0.187500 0.250000
17 0.533594 0.846094 0.187500 0.250000
7 0.169531 0.452344 0.187500 0.250000
29 0.120313 0.848437 0.187500 0.250000
10 0.903125 0.135156 0.187500 0.250000
26 0.782813 0.350781 0.187500 0.250000
11 0.865625 0.535937 0.187500 0.250000
30 0.191406 0.662500 0.187500 0.250000
7 0.358594 0.171875 0.187500 0.250000
23 0.501563 0.393750 0.187500 0.250000
16 0.363281 0.733594 0.187500 0.250000
16 0.635156 0.300000 0.187500 0.250000
28 0.753906 0.751563 0.187500 0.250000
