28 0.886719 0.237500 0.187500 0.250000
19 0.696875 0.574219 0.187500 0.250000
1 0.223438 0.261719 0.187500 0.250000
22 0.542969 0.692969 0.187500 0.250000
22 0.746875 0.128125 0.187500 0.250000
8 0.228125 0.861719 0.187500 0.250000
33 0.527344 0.358594 0.187500 0.250000
11 0.852344 0.446094 0.187500 0.250000
12 0.167969 0.482812 0.187500 0.250000
6 0.772656 0.811719 0.187500 0.250000
32 0.337500 0.440625 0.187500 0.250000
31 0.377344 0.152344 0.187500 0.250000
24 0.310937 0.650000 0.187500 0.250000
17 0.416406 0.860938 0.187500 0.250000
