11 0.752344 0.407813 0.187500 0.250000
9 0.129688 0.140625 0.187500 0.250000
19 0.414062 0.153125 0.187500 0.250000
5 0.875000 0.771875 0.187500 0.250000
2 0.103906 0.436719 0.187500 0.250000
11 0.249219 0.656250 0.187500 0.250000
0 0.550781 0.765625 0.187500 0.250000
22 0.428125 0.501563 0.187500 0.250000
9 0.590625 0.243750 0.187500 0.250000
32 0.701562 0.671094 0.187500 0.250000
23 0.905469 0.521875 0.187500 0.250000
0 0.596875 0.464844 0.187500 0.250000
5 0.716406 0.872656 0.187500 0.250000
27 0.388281 0.788281 0.187500 0.250000
