23 0.716406 0.332031 0.187500 0.250000
6 0.526563 0.191406 0.187500 0.250000
3 0.381250 0.829688 0.187500 0.250000
9 0.664844 0.645312 0.187500 0.250000
29 0.267969 0.249219 0.187500 0.250000
13 0.097656 0.439063 0.187500 0.250000
22 0.893750 0.202344 0.187500 0.250000
3 0.846094 0.547656 0.187500 0.250000
24 0.493750 0.601562 0.187500 0.250000
26 0.328125 0.500781 0.187500 0.250000
7 0.136719 0.692969 0.187500 0.250000
2 0.703906 0.838281 0.187500 0.250000
13 0.884375 0.828125 0.187500 0.250000
