5 0.746094 0.558594 0.187500 0.250000
15 0.153906 0.560937 0.187500 0.250000
21 0.690625 0.773438 0.187500 0.250000
25 0.459375 0.393750 0.187500 0.250000
25 0.528906 0.132031 0.187500 0.250000
19 0.328125 0.808594 0.187500 0.250000
33 0.567187 0.639844 0.187500 0.250000
12 0.247656 0.311719 0.187500 0.250000
27 0.687500 0.257812 0.187500 0.250000
7 0.900000 0.851562 0.187500 0.250000
6 0.131250 0.792188 0.187500 0.250000
1 0.859375 0.199219 0.187500 0.250000
27 0.101562 0.166406 0.187500 0.250000
