26 0.603906 0.661719 0.187500 0.250000
13 0.841406 0.389062 0.187500 0.250000
11 0.662500 0.157812 0.187500 0.250000
2 0.246094 0.500781 0.187500 0.250000
14 0.207031 0.694531 0.187500 0.250000
9 0.441406 0.675781 0.187500 0.250000
1 0.897656 0.771875 0.187500 0.250000
12 0.500781 0.179688 0.187500 0.250000
32 0.395313 0.458594 0.187500 0.250000
14 0.585938 0.443750 0.187500 0.250000
12 0.260937 0.216406 0.187500 0.250000
33 0.096875 0.248438 0.187500 0.250000
8 0.803906 0.592969 0.187500 0.250000
2 0.719531 0.796094 0.187500 0.250000
