18 0.190625 0.586719 0.187500 0.250000
10 0.824219 0.405469 0.187500 0.250000
2 0.636719 0.687500 0.187500 0.250000
6 0.385156 0.146875 0.187500 0.250000
9 0.583594 0.217969 0.187500 0.250000
4 0.489063 0.861719 0.187500 0.250000
23 0.456250 0.448437 0.187500 0.250000
0 0.150781 0.194531 0.187500 0.250000
18 0.368750 0.613281 0.187500 0.250000
23 0.670312 0.470313 0.187500 0.250000
13 0.887500 0.140625 0.187500 0.250000
21 0.167969 0.822656 0.187500 0.250000
27 0.296094 0.374219 0.187500 0.250000
2 0.881250 0.721094 0.187500 0.250000
