29 0.697656 0.161719 0.187500 0.250000
15 0.308594 0.535937 0.187500 0.250000
18 0.221875 0.753906 0.187500 0.250000
28 0.747656 0.490625 0.187500 0.250000
1 0.567969 0.586719 0.187500 0.250000
28 0.372656 0.300781 0.187500 0.250000
23 0.266406 0.150781 0.187500 0.250000
29 0.728906 0.739062 0.187500 0.250000
23 0.103125 0.507812 0.187500 0.250000
2 0.886719 0.617188 0.187500 0.250000
3 0.488281 0.146875 0.187500 0.250000
24 0.428906 0.841406 0.187500 0.250000
9 0.890625 0.161719 0.187500 0.250000
0 0.170313 0.307812 0.187500 0.250000
