31 0.118750 0.517969 0.187500 0.250000
7 0.335938 0.125781 0.187500 0.250000
21 0.725000 0.757031 0.187500 0.250000
0 0.892188 0.394531 0.187500 0.250000
28 0.696094 0.378125 0.187500 0.250000
25 0.161719 0.236719 0.187500 0.250000
26 0.473438 0.380469 0.187500 0.250000
26 0.790625 0.556250 0.187500 0.250000
5 0.357031 0.717187 0.187500 0.250000
30 0.785937 0.173437 0.187500 0.250000
1 0.486719 0.862500 0.187500 0.250000
4 0.575000 0.532031 0.187500 0.250000
15 0.605469 0.167187 0.187500 0.250000
4 0.148438 0.739062 0.187500 0.250000
