22 0.495312 0.142187 0.187500 0.250000
16 0.832812 0.503906 0.187500 0.250000
2 0.467187 0.430469 0.187500 0.250000
17 0.184375 0.417969 0.187500 0.250000
15 0.580469 0.694531 0.187500 0.250000
7 0.404687 0.653125 0.187500 0.250000
2 0.174219 0.128125 0.187500 0.250000
22 0.226562 0.765625 0.187500 0.250000
0 0.676562 0.375000 0.187500 0.250000
13 0.741406 0.785937 0.187500 0.250000
14 0.815625 0.283594 0.187500 0.250000
3 0.329688 0.287500 0.187500 0.250000
23 0.386719 0.863281 0.187500 0.250000
