28 0.495312 0.521875 0.187500 0.250000
11 0.865625 0.222656 0.187500 0.250000
14 0.691406 0.554688 0.187500 0.250000
1 0.420312 0.717187 0.187500 0.250000
26 0.807031 0.765625 0.187500 0.250000
23 0.196875 0.269531 0.187500 0.250000
6 0.176563 0.767188 0.187500 0.250000
30 0.345313 0.467187 0.187500 0.250000
26 0.900781 0.590625 0.187500 0.250000
5 0.718750 0.316406 0.187500 0.250000
27 0.642188 0.826562 0.187500 0.250000
4 0.586719 0.144531 0.187500 0.250000
32 0.388281 0.150000 0.187500 0.250000
4 0.150000 0.535937 0.187500 0.250000
