12 0.353125 0.186719 0.187500 0.250000
10 0.477344 0.637500 0.187500 0.250000
18 0.795312 0.274219 0.187500 0.250000
3 0.439844 0.857031 0.187500 0.250000
1 0.649219 0.692969 0.187500 0.250000
2 0.226562 0.413281 0.187500 0.250000
25 0.192188 0.871875 0.187500 0.250000
11 0.608594 0.151562 0.187500 0.250000
8 0.416406 0.398438 0.187500 0.250000
22 0.804688 0.646875 0.187500 0.250000
20 0.889062 0.864062 0.187500 0.250000
27 0.185938 0.623437 0.187500 0.250000
21 0.169531 0.164844 0.187500 0.250000
