9 0.279687 0.246094 0.187500 0.250000
0 0.494531 0.809375 0.187500 0.250000
5 0.150000 0.457031 0.187500 0.250000
16 0.512500 0.265625 0.187500 0.250000
27 0.500000 0.522656 0.187500 0.250000
30 0.877344 0.241406 0.187500 0.250000
2 0.680469 0.532813 0.187500 0.250000
27 0.867969 0.492188 0.187500 0.250000
1 0.107031 0.132812 0.187500 0.250000
33 0.290625 0.773438 0.187500 0.250000
32 0.647656 0.133594 0.187500 0.250000
27 0.096875 0.733594 0.187500 0.250000
5 0.804688 0.676562 0.187500 0.250000
18 0.294531 0.538281 0.187500 0.250000
