20 0.500781 0.660937 0.187500 0.250000
11 0.535156 0.291406 0.187500 0.250000
29 0.660937 0.756250 0.187500 0.250000
25 0.839063 0.395313 0.187500 0.250000
12 0.318750 0.305469 0.187500 0.250000
6 0.644531 0.145313 0.187500 0.250000
14 0.895312 0.709375 0.187500 0.250000
20 0.220312 0.662500 0.187500 0.250000
13 0.170313 0.253125 0.187500 0.250000
10 0.421875 0.849219 0.187500 0.250000
8 0.199219 0.863281 0.187500 0.250000
0 0.809375 0.171094 0.187500 0.250000
15 0.598437 0.481250 0.187500 0.250000
31 0.416406 0.143750 0.187500 0.250000
