24 0.714844 0.767188 0.187500 0.250000
8 0.507812 0.528125 0.187500 0.250000
19 0.406250 0.365625 0.187500 0.250000
32 0.896094 0.335156 0.187500 0.250000
10 0.239844 0.796094 0.187500 0.250000
30 0.744531 0.496094 0.187500 0.250000
26 0.345313 0.550781 0.187500 0.250000
14 0.607812 0.332031 0.187500 0.250000
32 0.182812 0.275000 0.187500 0.250000
5 0.544531 0.804688 0.187500 0.250000
10 0.870313 0.845313 0.187500 0.250000
14 0.896875 0.610156 0.187500 0.250000
31 0.529687 0.159375 0.187500 0.250000
21 0.762500 0.196875 0.187500 0.250000
