33 0.603125 0.496094 0.187500 0.250000
11 0.230469 0.659375 0.187500 0.250000
5 0.839063 0.550781 0.187500 0.250000
17 0.415625 0.323437 0.187500 0.250000
31 0.102344 0.779687 0.187500 0.250000
8 0.600781 0.263281 0.187500 0.250000
11 0.900000 0.826562 0.187500 0.250000
18 0.370312 0.851562 0.187500 0.250000
4 0.566406 0.731250 0.187500 0.250000
29 0.162500 0.132031 0.187500 0.250000
26 0.825781 0.264844 0.187500 0.250000
19 0.194531 0.378906 0.187500 0.250000
3 0.730469 0.734375 0.187500 0.250000
