8 0.281250 0.389844 0.187500 0.250000
7 0.437500 0.610156 0.187500 0.250000
20 0.877344 0.710156 0.187500 0.250000
2 0.200781 0.196875 0.187500 0.250000
8 0.746094 0.375781 0.187500 0.250000
17 0.595313 0.635938 0.187500 0.250000
8 0.517969 0.370312 0.187500 0.250000
15 0.378125 0.152344 0.187500 0.250000
5 0.558594 0.861719 0.187500 0.250000
0 0.262500 0.640625 0.187500 0.250000
16 0.135937 0.869531 0.187500 0.250000
2 0.832031 0.169531 0.187500 0.250000
9 0.394531 0.858594 0.187500 0.250000
19 0.561719 0.136719 0.187500 0.250000
