22 0.130469 0.629687 0.187500 0.250000
0 0.590625 0.768750 0.187500 0.250000
4 0.220312 0.405469 0.187500 0.250000
30 0.781250 0.495312 0.187500 0.250000
16 0.551562 0.459375 0.187500 0.250000
27 0.595313 0.216406 0.187500 0.250000
10 0.332031 0.765625 0.187500 0.250000
7 0.376563 0.519531 0.187500 0.250000
17 0.362500 0.166406 0.187500 0.250000
8 0.889844 0.160938 0.187500 0.250000
19 0.886719 0.789062 0.187500 0.250000
12 0.175781 0.874219 0.187500 0.250000
21 0.096094 0.200000 0.187500 0.250000
