10 0.828906 0.776563 0.187500 0.250000
6 0.466406 0.782031 0.187500 0.250000
20 0.433594 0.152344 0.187500 0.250000
22 0.310156 0.852344 0.187500 0.250000
0 0.673438 0.253125 0.187500 0.250000
21 0.199219 0.403125 0.187500 0.250000
30 0.842187 0.386719 0.187500 0.250000
13 0.516406 0.405469 0.187500 0.250000
24 0.393750 0.578906 0.187500 0.250000
22 0.857031 0.142187 0.187500 0.250000
21 0.218750 0.145313 0.187500 0.250000
12 0.690625 0.653125 0.187500 0.250000
14 0.110156 0.585938 0.187500 0.250000
11 0.904687 0.583594 0.187500 0.250000
