2 0.782031 0.278906 0.187500 0.250000
10 0.242969 0.578125 0.187500 0.250000
12 0.580469 0.153125 0.187500 0.250000
28 0.244531 0.207031 0.187500 0.250000
2 0.535937 0.682813 0.187500 0.250000
5 0.810937 0.862500 0.187500 0.250000
27 0.679688 0.527344 0.187500 0.250000
26 0.241406 0.831250 0.187500 0.250000
17 0.435937 0.389062 0.187500 0.250000
9 0.166406 0.389062 0.187500 0.250000
10 0.802344 0.646094 0.187500 0.250000
15 0.111719 0.697656 0.187500 0.250000
17 0.382031 0.652344 0.187500 0.250000
