25 0.264062 0.509375 0.187500 0.250000
17 0.788281 0.825781 0.187500 0.250000
7 0.688281 0.374219 0.187500 0.250000
7 0.103125 0.489844 0.187500 0.250000
0 0.847656 0.532031 0.187500 0.250000
9 0.432812 0.224219 0.187500 0.250000
23 0.829688 0.158594 0.187500 0.250000
3 0.617188 0.862500 0.187500 0.250000
3 0.423438 0.800781 0.187500 0.250000
22 0.119531 0.830469 0.187500 0.250000
9 0.657031 0.135937 0.187500 0.250000
4 0.175781 0.241406 0.187500 0.250000
18 0.678906 0.637500 0.187500 0.250000
33 0.505469 0.599219 0.187500 0.250000
