17 0.173437 0.606250 0.187500 0.250000
22 0.269531 0.803125 0.187500 0.250000
12 0.600000 0.846875 0.187500 0.250000
7 0.530469 0.275000 0.187500 0.250000
14 0.905469 0.328125 0.187500 0.250000
21 0.353906 0.585938 0.187500 0.250000
25 0.285938 0.261719 0.187500 0.250000
0 0.803906 0.779687 0.187500 0.250000
26 0.101562 0.207031 0.187500 0.250000
0 0.685156 0.379688 0.187500 0.250000
8 0.489063 0.470313 0.187500 0.250000
15 0.814063 0.514062 0.187500 0.250000
32 0.659375 0.632812 0.187500 0.250000
28 0.685937 0.142969 0.187500 0.250000
