7 0.803906 0.745313 0.187500 0.250000
0 0.442969 0.342187 0.187500 0.250000
27 0.633594 0.290625 0.187500 0.250000
26 0.438281 0.128125 0.187500 0.250000
9 0.350000 0.625781 0.187500 0.250000
24 0.873437 0.281250 0.187500 0.250000
2 0.224219 0.461719 0.187500 0.250000
28 0.211719 0.828906 0.187500 0.250000
28 0.603125 0.707031 0.187500 0.250000
1 0.273438 0.141406 0.187500 0.250000
2 0.710156 0.550000 0.187500 0.250000
3 0.896094 0.560156 0.187500 0.250000
0 0.550000 0.514062 0.187500 0.250000
5 0.132031 0.278125 0.187500 0.250000
