17 0.688281 0.140625 0.187500 0.250000
15 0.525000 0.471875 0.187500 0.250000
20 0.165625 0.511719 0.187500 0.250000
26 0.374219 0.409375 0.187500 0.250000
29 0.471094 0.252344 0.187500 0.250000
7 0.755469 0.414062 0.187500 0.250000
18 0.865625 0.200781 0.187500 0.250000
10 0.307812 0.694531 0.187500 0.250000
30 0.581250 0.796875 0.187500 0.250000
15 0.317969 0.167187 0.187500 0.250000
3 0.796094 0.675781 0.187500 0.250000
18 0.132031 0.745313 0.187500 0.250000
26 0.166406 0.298438 0.187500 0.250000
