28 0.271094 0.222656 0.187500 0.250000
23 0.753906 0.827344 0.187500 0.250000
20 0.703906 0.487500 0.187500 0.250000
32 0.335156 0.831250 0.187500 0.250000
8 0.851562 0.366406 0.187500 0.250000
24 0.325000 0.576562 0.187500 0.250000
10 0.707812 0.228125 0.187500 0.250000
19 0.106250 0.796875 0.187500 0.250000
1 0.873437 0.149219 0.187500 0.250000
27 0.503125 0.265625 0.187500 0.250000
27 0.184375 0.400781 0.187500 0.250000
25 0.621094 0.699219 0.187500 0.250000
12 0.475000 0.629687 0.187500 0.250000
