16 0.500781 0.328906 0.187500 0.250000
29 0.366406 0.228125 0.187500 0.250000
29 0.700000 0.683594 0.187500 0.250000
30 0.276562 0.421094 0.187500 0.250000
8 0.559375 0.610156 0.187500 0.250000
2 0.189062 0.617969 0.187500 0.250000
11 0.196094 0.847656 0.187500 0.250000
9 0.667188 0.424219 0.187500 0.250000
1 0.104688 0.308594 0.187500 0.250000
5 0.378906 0.644531 0.187500 0.250000
13 0.822656 0.267969 0.187500 0.250000
22 0.568750 0.125000 0.187500 0.250000
2 0.440625 0.839063 0.187500 0.250000
16 0.851562 0.796875 0.187500 0.250000
