27 0.821094 0.304688 0.187500 0.250000
15 0.538281 0.794531 0.187500 0.250000
20 0.885156 0.800000 0.187500 0.250000
4 0.213281 0.871094 0.187500 0.250000
29 0.842187 0.541406 0.187500 0.250000
24 0.477344 0.496875 0.187500 0.250000
28 0.370312 0.854688 0.187500 0.250000
31 0.204687 0.454688 0.187500 0.250000
8 0.572656 0.308594 0.187500 0.250000
3 0.157031 0.653906 0.187500 0.250000
1 0.391406 0.180469 0.187500 0.250000
4 0.714844 0.158594 0.187500 0.250000
1 0.204687 0.164844 0.187500 0.250000
6 0.688281 0.864062 0.187500 0.250000
