18 0.572656 0.487500 0.187500 0.250000
19 0.249219 0.619531 0.187500 0.250000
1 0.464844 0.208594 0.187500 0.250000
18 0.691406 0.192969 0.187500 0.250000
25 0.270313 0.278125 0.187500 0.250000
13 0.664844 0.832812 0.187500 0.250000
15 0.800000 0.447656 0.187500 0.250000
13 0.104688 0.332813 0.187500 0.250000
30 0.891406 0.779687 0.187500 0.250000
0 0.182812 0.866406 0.187500 0.250000
11 0.873437 0.187500 0.187500 0.250000
15 0.490625 0.795312 0.187500 0.250000
31 0.412500 0.524219 0.187500 0.250000
