24 0.575000 0.558594 0.187500 0.250000
24 0.203125 0.321094 0.187500 0.250000
4 0.760938 0.407031 0.187500 0.250000
18 0.518750 0.155469 0.187500 0.250000
17 0.119531 0.717187 0.187500 0.250000
28 0.367969 0.400781 0.187500 0.250000
5 0.305469 0.763281 0.187500 0.250000
7 0.513281 0.835938 0.187500 0.250000
16 0.887500 0.621875 0.187500 0.250000
27 0.428906 0.637500 0.187500 0.250000
32 0.707812 0.700000 0.187500 0.250000
26 0.890625 0.847656 0.187500 0.250000
9 0.775000 0.188281 0.187500 0.250000
18 0.176563 0.526563 0.187500 0.250000
