18 0.108594 0.279687 0.187500 0.250000
25 0.882031 0.495312 0.187500 0.250000
33 0.256250 0.709375 0.187500 0.250000
29 0.635156 0.739844 0.187500 0.250000
16 0.775000 0.286719 0.187500 0.250000
0 0.444531 0.816406 0.187500 0.250000
10 0.146094 0.857031 0.187500 0.250000
11 0.525781 0.570312 0.187500 0.250000
13 0.288281 0.145313 0.187500 0.250000
26 0.247656 0.416406 0.187500 0.250000
5 0.837500 0.824219 0.187500 0.250000
21 0.596875 0.227344 0.187500 0.250000
18 0.719531 0.480469 0.187500 0.250000
