4 0.600000 0.298438 0.187500 0.250000
1 0.453125 0.201563 0.187500 0.250000
27 0.343750 0.680469 0.187500 0.250000
23 0.834375 0.135156 0.187500 0.250000
23 0.761719 0.800781 0.187500 0.250000
15 0.642188 0.646094 0.187500 0.250000
8 0.132812 0.295312 0.187500 0.250000
15 0.501563 0.821875 0.187500 0.250000
16 0.822656 0.386719 0.187500 0.250000
9 0.501563 0.464844 0.187500 0.250000
1 0.249219 0.460938 0.187500 0.250000
7 0.178906 0.833594 0.187500 0.250000
22 0.100000 0.525000 0.187500 0.250000
