10 0.121875 0.585156 0.187500 0.250000
10 0.339844 0.654687 0.187500 0.250000
33 0.307812 0.451562 0.187500 0.250000
9 0.541406 0.703906 0.187500 0.250000
19 0.688281 0.504687 0.187500 0.250000
8 0.325000 0.207813 0.187500 0.250000
5 0.714844 0.250781 0.187500 0.250000
29 0.107813 0.358594 0.187500 0.250000
16 0.883594 0.696094 0.187500 0.250000
14 0.529687 0.360938 0.187500 0.250000
12 0.229687 0.798438 0.187500 0.250000
6 0.582031 0.149219 0.187500 0.250000
6 0.700000 0.828906 0.187500 0.250000
9 0.891406 0.247656 0.187500 0.250000
