14 0.283594 0.300781 0.187500 0.250000
2 0.353906 0.649219 0.187500 0.250000
0 0.786719 0.632812 0.187500 0.250000
26 0.107813 0.178906 0.187500 0.250000
10 0.786719 0.169531 0.187500 0.250000
10 0.615625 0.314844 0.187500 0.250000
16 0.592969 0.678125 0.187500 0.250000
13 0.174219 0.443750 0.187500 0.250000
24 0.510156 0.155469 0.187500 0.250000
0 0.428906 0.832031 0.187500 0.250000
4 0.097656 0.817187 0.187500 0.250000
13 0.820312 0.828125 0.187500 0.250000
17 0.488281 0.514844 0.187500 0.250000
11 0.883594 0.403906 0.187500 0.250000
