6 0.186719 0.271094 0.187500 0.250000
6 0.853906 0.178125 0.187500 0.250000
10 0.823438 0.785156 0.187500 0.250000
31 0.358594 0.355469 0.187500 0.250000
23 0.576562 0.603906 0.187500 0.250000
6 0.305469 0.701562 0.187500 0.250000
30 0.789062 0.507031 0.187500 0.250000
21 0.617188 0.385156 0.187500 0.250000
14 0.664844 0.189062 0.187500 0.250000
2 0.620313 0.850000 0.187500 0.250000
27 0.224219 0.495312 0.187500 0.250000
17 0.123438 0.692187 0.187500 0.250000
30 0.492188 0.187500 0.187500 0.250000
0 0.328906 0.156250 0.187500 0.250000
