13 0.670312 0.450000 0.187500 0.250000
32 0.490625 0.480469 0.187500 0.250000
14 0.163281 0.465625 0.187500 0.250000
17 0.660156 0.857812 0.187500 0.250000
22 0.195312 0.209375 0.187500 0.250000
3 0.407813 0.696875 0.187500 0.250000
16 0.692187 0.187500 0.187500 0.250000
30 0.242188 0.760938 0.187500 0.250000
8 0.906250 0.229687 0.187500 0.250000
10 0.374219 0.331250 0.187500 0.250000
27 0.536719 0.189062 0.187500 0.250000
16 0.810156 0.596875 0.187500 0.250000
21 0.812500 0.842187 0.187500 0.250000
12 0.338281 0.127344 0.187500 0.250000
