17 0.739844 0.540625 0.187500 0.250000
19 0.203906 0.682031 0.187500 0.250000
4 0.760156 0.169531 0.187500 0.250000
11 0.186719 0.253125 0.187500 0.250000
19 0.526563 0.521094 0.187500 0.250000
12 0.365625 0.317969 0.187500 0.250000
25 0.314844 0.867969 0.187500 0.250000
22 0.600000 0.297656 0.187500 0.250000
28 0.868750 0.687500 0.187500 0.250000
1 0.569531 0.742188 0.187500 0.250000
26 0.884375 0.430469 0.187500 0.250000
24 0.428125 0.132812 0.187500 0.250000
9 0.120313 0.455469 0.187500 0.250000
