24 0.121094 0.318750 0.187500 0.250000
16 0.658594 0.642188 0.187500 0.250000
5 0.115625 0.546094 0.187500 0.250000
12 0.691406 0.433594 0.187500 0.250000
21 0.738281 0.189844 0.187500 0.250000
24 0.234375 0.695312 0.187500 0.250000
5 0.490625 0.412500 0.187500 0.250000
13 0.593750 0.855469 0.187500 0.250000
22 0.865625 0.491406 0.187500 0.250000
25 0.505469 0.141406 0.187500 0.250000
29 0.286719 0.307812 0.187500 0.250000
4 0.819531 0.739844 0.187500 0.250000
24 0.138281 0.867188 0.187500 0.250000
26 0.453906 0.607812 0.187500 0.250000
