12 0.201563 0.853906 0.187500 0.250000
17 0.400781 0.582031 0.187500 0.250000
1 0.522656 0.863281 0.187500 0.250000
23 0.242969 0.200000 0.187500 0.250000
18 0.815625 0.616406 0.187500 0.250000
15 0.113281 0.478125 0.187500 0.250000
20 0.693750 0.318750 0.187500 0.250000
0 0.646875 0.664844 0.187500 0.250000
12 0.875781 0.270313 0.187500 0.250000
8 0.888281 0.825000 0.187500 0.250000
29 0.427344 0.218750 0.187500 0.250000
1 0.096094 0.143750 0.187500 0.250000
3 0.218750 0.649219 0.187500 0.250000
0 0.267188 0.449219 0.187500 0.250000
