13 0.768750 0.486719 0.187500 0.250000
3 0.420312 0.731250 0.187500 0.250000
2 0.332813 0.278125 0.187500 0.250000
18 0.842969 0.262500 0.187500 0.250000
29 0.108594 0.643750 0.187500 0.250000
16 0.619531 0.642188 0.187500 0.250000
2 0.892188 0.685937 0.187500 0.250000
17 0.660156 0.331250 0.187500 0.250000
8 0.123438 0.256250 0.187500 0.250000
17 0.272656 0.778125 0.187500 0.250000
14 0.717969 0.831250 0.187500 0.250000
16 0.196094 0.464844 0.187500 0.250000
7 0.333594 0.545312 0.187500 0.250000
19 0.558594 0.835156 0.187500 0.250000
