12 0.403906 0.332813 0.187500 0.250000
15 0.837500 0.724219 0.187500 0.250000
8 0.871875 0.140625 0.187500 0.250000
1 0.242188 0.712500 0.187500 0.250000
6 0.107031 0.321875 0.187500 0.250000
17 0.375000 0.548438 0.187500 0.250000
33 0.597656 0.743750 0.187500 0.250000
23 0.669531 0.543750 0.187500 0.250000
24 0.596094 0.238281 0.187500 0.250000
28 0.307031 0.135156 0.187500 0.250000
26 0.788281 0.340625 0.187500 0.250000
26 0.462500 0.142187 0.187500 0.250000
10 0.889844 0.503125 0.187500 0.250000
15 0.102344 0.617188 0.187500 0.250000
