19 0.213281 0.810156 0.187500 0.250000
31 0.353125 0.154688 0.187500 0.250000
29 0.699219 0.497656 0.187500 0.250000
18 0.836719 0.781250 0.187500 0.250000
16 0.507031 0.332813 0.187500 0.250000
4 0.356250 0.504687 0.187500 0.250000
6 0.492969 0.643750 0.187500 0.250000
5 0.379688 0.794531 0.187500 0.250000
0 0.847656 0.191406 0.187500 0.250000
0 0.137500 0.493750 0.187500 0.250000
5 0.659375 0.187500 0.187500 0.250000
19 0.867969 0.407031 0.187500 0.250000
1 0.663281 0.697656 0.187500 0.250000
17 0.198437 0.202344 0.187500 0.250000
