19 0.293750 0.856250 0.187500 0.250000
20 0.429688 0.697656 0.187500 0.250000
16 0.358594 0.279687 0.187500 0.250000
31 0.827344 0.506250 0.187500 0.250000
20 0.146875 0.246094 0.187500 0.250000
24 0.881250 0.225000 0.187500 0.250000
5 0.781250 0.864062 0.187500 0.250000
14 0.214844 0.651563 0.187500 0.250000
28 0.667188 0.268750 0.187500 0.250000
14 0.578125 0.546094 0.187500 0.250000
0 0.114062 0.871094 0.187500 0.250000
13 0.478906 0.143750 0.187500 0.250000
6 0.273438 0.454688 0.187500 0.250000
