3 0.529687 0.147656 0.187500 0.250000
28 0.193750 0.358594 0.187500 0.250000
8 0.778125 0.220312 0.187500 0.250000
32 0.761719 0.737500 0.187500 0.250000
7 0.896875 0.592187 0.187500 0.250000
17 0.446875 0.666406 0.187500 0.250000
8 0.252344 0.842187 0.187500 0.250000
0 0.677344 0.500000 0.187500 0.250000
24 0.152344 0.567187 0.187500 0.250000
25 0.589063 0.753125 0.187500 0.250000
17 0.226562 0.137500 0.187500 0.250000
4 0.364844 0.288281 0.187500 0.250000
22 0.514844 0.431250 0.187500 0.250000
