2 0.476562 0.137500 0.187500 0.250000
22 0.328906 0.641406 0.187500 0.250000
13 0.508594 0.852344 0.187500 0.250000
6 0.778125 0.385937 0.187500 0.250000
13 0.594531 0.584375 0.187500 0.250000
21 0.123438 0.196094 0.187500 0.250000
25 0.210938 0.501563 0.187500 0.250000
32 0.872656 0.132812 0.187500 0.250000
17 0.850781 0.812500 0.187500 0.250000
15 0.365625 0.446094 0.187500 0.250000
33 0.164844 0.798438 0.187500 0.250000
19 0.667969 0.825000 0.187500 0.250000
23 0.283594 0.155469 0.187500 0.250000
8 0.561719 0.321875 0.187500 0.250000
