4 0.834375 0.291406 0.187500 0.250000
25 0.366406 0.274219 0.187500 0.250000
2 0.134375 0.664062 0.187500 0.250000
23 0.855469 0.727344 0.187500 0.250000
13 0.256250 0.823438 0.187500 0.250000
29 0.146875 0.250781 0.187500 0.250000
1 0.801562 0.492969 0.187500 0.250000
22 0.653125 0.407031 0.187500 0.250000
2 0.596875 0.700781 0.187500 0.250000
18 0.409375 0.589844 0.187500 0.250000
25 0.420312 0.807031 0.187500 0.250000
31 0.247656 0.477344 0.187500 0.250000
2 0.576562 0.227344 0.187500 0.250000
