25 0.188281 0.814063 0.187500 0.250000
13 0.622656 0.815625 0.187500 0.250000
7 0.506250 0.310156 0.187500 0.250000
1 0.679688 0.189062 0.187500 0.250000
2 0.134375 0.200000 0.187500 0.250000
6 0.818750 0.471875 0.187500 0.250000
0 0.169531 0.495312 0.187500 0.250000
15 0.835156 0.128125 0.187500 0.250000
16 0.332813 0.482031 0.187500 0.250000
18 0.456250 0.846094 0.187500 0.250000
30 0.829688 0.850000 0.187500 0.250000
33 0.650781 0.469531 0.187500 0.250000
5 0.379688 0.128125 0.187500 0.250000
