27 0.746875 0.449219 0.187500 0.250000
11 0.848437 0.264062 0.187500 0.250000
15 0.442188 0.580469 0.187500 0.250000
3 0.596875 0.517969 0.187500 0.250000
32 0.871094 0.864844 0.187500 0.250000
23 0.546875 0.140625 0.187500 0.250000
24 0.206250 0.531250 0.187500 0.250000
0 0.189844 0.815625 0.187500 0.250000
0 0.663281 0.843750 0.187500 0.250000
32 0.901563 0.474219 0.187500 0.250000
24 0.153906 0.280469 0.187500 0.250000
16 0.385156 0.166406 0.187500 0.250000
26 0.707812 0.151562 0.187500 0.250000
16 0.417187 0.382031 0.187500 0.250000
