14 0.623437 0.675000 0.187500 0.250000
21 0.294531 0.447656 0.187500 0.250000
21 0.742188 0.243750 0.187500 0.250000
10 0.783594 0.746875 0.187500 0.250000
28 0.155469 0.161719 0.187500 0.250000
30 0.343750 0.684375 0.187500 0.250000
15 0.878125 0.453125 0.187500 0.250000
26 0.428125 0.135937 0.187500 0.250000
0 0.171875 0.858594 0.187500 0.250000
27 0.112500 0.663281 0.187500 0.250000
28 0.096094 0.424219 0.187500 0.250000
32 0.575000 0.442969 0.187500 0.250000
15 0.488281 0.790625 0.187500 0.250000
