22 0.455469 0.535937 0.187500 0.250000
6 0.138281 0.431250 0.187500 0.250000
30 0.303125 0.432812 0.187500 0.250000
14 0.882812 0.264062 0.187500 0.250000
12 0.146875 0.768750 0.187500 0.250000
24 0.587500 0.660156 0.187500 0.250000
7 0.839063 0.678906 0.187500 0.250000
25 0.711719 0.452344 0.187500 0.250000
4 0.416406 0.264062 0.187500 0.250000
13 0.184375 0.164062 0.187500 0.250000
17 0.567969 0.302344 0.187500 0.250000
12 0.407813 0.875000 0.187500 0.250000
13 0.655469 0.857812 0.187500 0.250000
12 0.668750 0.143750 0.187500 0.250000
