9 0.342969 0.442188 0.187500 0.250000
4 0.523438 0.389844 0.187500 0.250000
10 0.676562 0.249219 0.187500 0.250000
9 0.664844 0.614844 0.187500 0.250000
9 0.810937 0.427344 0.187500 0.250000
5 0.887500 0.689844 0.187500 0.250000
31 0.101562 0.646094 0.187500 0.250000
10 0.171875 0.310156 0.187500 0.250000
3 0.817969 0.167187 0.187500 0.250000
28 0.503125 0.595313 0.187500 0.250000
32 0.359375 0.691406 0.187500 0.250000
16 0.360938 0.132812 0.187500 0.250000
13 0.687500 0.844531 0.187500 0.250000
21 0.223438 0.820312 0.187500 0.250000
