33 0.214062 0.505469 0.187500 0.250000
7 0.512500 0.242969 0.187500 0.250000
16 0.808594 0.790625 0.187500 0.250000
13 0.430469 0.828906 0.187500 0.250000
6 0.241406 0.797656 0.187500 0.250000
8 0.750781 0.604688 0.187500 0.250000
5 0.757812 0.269531 0.187500 0.250000
4 0.597656 0.707031 0.187500 0.250000
6 0.094531 0.257812 0.187500 0.250000
4 0.428906 0.618750 0.187500 0.250000
23 0.260156 0.262500 0.187500 0.250000
14 0.876563 0.399219 0.187500 0.250000
30 0.113281 0.665625 0.187500 0.250000
17 0.901563 0.134375 0.187500 0.250000
