21 0.894531 0.442188 0.187500 0.250000
12 0.225000 0.309375 0.187500 0.250000
16 0.446875 0.307812 0.187500 0.250000
9 0.575781 0.721875 0.187500 0.250000
22 0.710938 0.416406 0.187500 0.250000
12 0.729688 0.636719 0.187500 0.250000
12 0.395313 0.514844 0.187500 0.250000
3 0.802344 0.189844 0.187500 0.250000
26 0.905469 0.840625 0.187500 0.250000
29 0.162500 0.865625 0.187500 0.250000
27 0.100781 0.561719 0.187500 0.250000
21 0.571875 0.129688 0.187500 0.250000
22 0.279687 0.735938 0.187500 0.250000
12 0.464062 0.865625 0.187500 0.250000
