8 0.842969 0.692187 0.187500 0.250000
22 0.580469 0.330469 0.187500 0.250000
5 0.382812 0.707031 0.187500 0.250000
5 0.790625 0.478906 0.187500 0.250000
33 0.640625 0.700000 0.187500 0.250000
5 0.102344 0.619531 0.187500 0.250000
33 0.890625 0.170313 0.187500 0.250000
23 0.753125 0.257812 0.187500 0.250000
31 0.212500 0.152344 0.187500 0.250000
1 0.208594 0.471094 0.187500 0.250000
10 0.533594 0.128125 0.187500 0.250000
3 0.378906 0.157031 0.187500 0.250000
15 0.167969 0.845313 0.187500 0.250000
23 0.411719 0.358594 0.187500 0.250000
