30 0.698438 0.242969 0.187500 0.250000
9 0.259375 0.803125 0.187500 0.250000
10 0.335938 0.147656 0.187500 0.250000
19 0.385937 0.416406 0.187500 0.250000
14 0.682813 0.446094 0.187500 0.250000
32 0.813281 0.842969 0.187500 0.250000
9 0.674219 0.715625 0.187500 0.250000
18 0.161719 0.617969 0.187500 0.250000
32 0.465625 0.639062 0.187500 0.250000
21 0.106250 0.149219 0.187500 0.250000
6 0.558594 0.128906 0.187500 0.250000
11 0.823438 0.127344 0.187500 0.250000
22 0.122656 0.353125 0.187500 0.250000
23 0.890625 0.632812 0.187500 0.250000
