7 0.781250 0.484375 0.187500 0.250000
2 0.303125 0.735156 0.187500 0.250000
10 0.334375 0.331250 0.187500 0.250000
5 0.111719 0.653125 0.187500 0.250000
15 0.511719 0.483594 0.187500 0.250000
8 0.601562 0.781250 0.187500 0.250000
17 0.496875 0.198437 0.187500 0.250000
23 0.429688 0.858594 0.187500 0.250000
20 0.884375 0.227344 0.187500 0.250000
20 0.364063 0.550781 0.187500 0.250000
14 0.667188 0.167969 0.187500 0.250000
4 0.828906 0.798438 0.187500 0.250000
9 0.185156 0.253906 0.187500 0.250000
