23 0.903906 0.549219 0.187500 0.250000
19 0.867969 0.253125 0.187500 0.250000
31 0.485938 0.867969 0.187500 0.250000
7 0.320312 0.205469 0.187500 0.250000
14 0.682031 0.872656 0.187500 0.250000
13 0.343750 0.459375 0.187500 0.250000
28 0.310937 0.737500 0.187500 0.250000
16 0.725781 0.365625 0.187500 0.250000
30 0.182812 0.360938 0.187500 0.250000
4 0.662500 0.125781 0.187500 0.250000
6 0.864844 0.751563 0.187500 0.250000
28 0.502344 0.242188 0.187500 0.250000
20 0.575000 0.682031 0.187500 0.250000
24 0.126562 0.653906 0.187500 0.250000
