2 0.628125 0.303125 0.187500 0.250000
10 0.671094 0.833594 0.187500 0.250000
4 0.811719 0.521094 0.187500 0.250000
4 0.280469 0.742188 0.187500 0.250000
21 0.317969 0.371875 0.187500 0.250000
14 0.155469 0.350000 0.187500 0.250000
13 0.260937 0.176563 0.187500 0.250000
33 0.419531 0.860156 0.187500 0.250000
12 0.833594 0.235937 0.187500 0.250000
30 0.631250 0.632031 0.187500 0.250000
16 0.473438 0.360156 0.187500 0.250000
6 0.093750 0.644531 0.187500 0.250000
27 0.868750 0.875000 0.187500 0.250000
11 0.413281 0.632031 0.187500 0.250000
