23 0.755469 0.658594 0.187500 0.250000
0 0.859375 0.423438 0.187500 0.250000
11 0.239844 0.594531 0.187500 0.250000
28 0.464062 0.476562 0.187500 0.250000
1 0.825000 0.146094 0.187500 0.250000
29 0.115625 0.314063 0.187500 0.250000
21 0.664062 0.478906 0.187500 0.250000
0 0.369531 0.225000 0.187500 0.250000
22 0.449219 0.713281 0.187500 0.250000
32 0.565625 0.131250 0.187500 0.250000
4 0.224219 0.164062 0.187500 0.250000
17 0.125000 0.855469 0.187500 0.250000
28 0.603125 0.855469 0.187500 0.250000
14 0.849219 0.851562 0.187500 0.250000
