0 0.521094 0.554688 0.187500 0.250000
18 0.814844 0.716406 0.187500 0.250000
5 0.440625 0.247656 0.187500 0.250000
27 0.571875 0.853906 0.187500 0.250000
13 0.799219 0.288281 0.187500 0.250000
30 0.192969 0.445312 0.187500 0.250000
5 0.624219 0.207031 0.187500 0.250000
5 0.228906 0.175000 0.187500 0.250000
27 0.149219 0.671875 0.187500 0.250000
31 0.301563 0.661719 0.187500 0.250000
3 0.654687 0.440625 0.187500 0.250000
4 0.352344 0.448437 0.187500 0.250000
13 0.885156 0.526563 0.187500 0.250000
