3 0.102344 0.421094 0.187500 0.250000
29 0.667969 0.859375 0.187500 0.250000
14 0.333594 0.455469 0.187500 0.250000
26 0.733594 0.275781 0.187500 0.250000
4 0.286719 0.864844 0.187500 0.250000
14 0.182031 0.652344 0.187500 0.250000
9 0.863281 0.684375 0.187500 0.250000
22 0.583594 0.617188 0.187500 0.250000
7 0.250000 0.216406 0.187500 0.250000
23 0.470313 0.823438 0.187500 0.250000
5 0.746094 0.544531 0.187500 0.250000
20 0.571875 0.196094 0.187500 0.250000
12 0.860156 0.403906 0.187500 0.250000
26 0.096094 0.217188 0.187500 0.250000
