5 0.751563 0.838281 0.187500 0.250000
5 0.320312 0.198437 0.187500 0.250000
11 0.878125 0.669531 0.187500 0.250000
17 0.492969 0.292187 0.187500 0.250000
7 0.711719 0.346094 0.187500 0.250000
29 0.287500 0.739844 0.187500 0.250000
2 0.160156 0.312500 0.187500 0.250000
10 0.122656 0.556250 0.187500 0.250000
8 0.540625 0.850781 0.187500 0.250000
4 0.440625 0.575781 0.187500 0.250000
10 0.746094 0.571094 0.187500 0.250000
21 0.107031 0.765625 0.187500 0.250000
28 0.645312 0.135937 0.187500 0.250000
28 0.905469 0.258594 0.187500 0.250000
