0 0.460156 0.375000 0.187500 0.250000
26 0.822656 0.398438 0.187500 0.250000
1 0.364844 0.867969 0.187500 0.250000
23 0.832812 0.711719 0.187500 0.250000
33 0.131250 0.429688 0.187500 0.250000
26 0.135156 0.805469 0.187500 0.250000
9 0.310156 0.313281 0.187500 0.250000
9 0.505469 0.176563 0.187500 0.250000
4 0.662500 0.695312 0.187500 0.250000
16 0.678125 0.451562 0.187500 0.250000
31 0.493750 0.673438 0.187500 0.250000
25 0.708594 0.198437 0.187500 0.250000
11 0.123438 0.212500 0.187500 0.250000
32 0.245312 0.650781 0.187500 0.250000
