4 0.459375 0.642969 0.187500 0.250000
15 0.303125 0.529687 0.187500 0.250000
20 0.598437 0.781250 0.187500 0.250000
21 0.149219 0.452344 0.187500 0.250000
21 0.786719 0.830469 0.187500 0.250000
7 0.395313 0.330469 0.187500 0.250000
31 0.532031 0.173437 0.187500 0.250000
11 0.108594 0.874219 0.187500 0.250000
5 0.110937 0.229687 0.187500 0.250000
7 0.775781 0.579688 0.187500 0.250000
16 0.627344 0.528125 0.187500 0.250000
9 0.308594 0.839063 0.187500 0.250000
25 0.836719 0.380469 0.187500 0.250000
33 0.703906 0.281250 0.187500 0.250000
