12 0.878906 0.500781 0.187500 0.250000
33 0.123438 0.705469 0.187500 0.250000
19 0.619531 0.861719 0.187500 0.250000
12 0.535937 0.205469 0.187500 0.250000
26 0.355469 0.705469 0.187500 0.250000
30 0.144531 0.405469 0.187500 0.250000
1 0.794531 0.846875 0.187500 0.250000
29 0.341406 0.332813 0.187500 0.250000
10 0.860156 0.207031 0.187500 0.250000
5 0.456250 0.472656 0.187500 0.250000
15 0.196875 0.128906 0.187500 0.250000
7 0.729688 0.612500 0.187500 0.250000
33 0.682031 0.314844 0.187500 0.250000
9 0.554688 0.679688 0.187500 0.250000
