25 0.602344 0.174219 0.187500 0.250000
9 0.448437 0.703125 0.187500 0.250000
24 0.278125 0.874219 0.187500 0.250000
16 0.300781 0.509375 0.187500 0.250000
16 0.874219 0.618750 0.187500 0.250000
20 0.176563 0.642969 0.187500 0.250000
1 0.585938 0.854688 0.187500 0.250000
0 0.403125 0.138281 0.187500 0.250000
3 0.693750 0.408594 0.187500 0.250000
29 0.479687 0.358594 0.187500 0.250000
31 0.288281 0.307031 0.187500 0.250000
14 0.615625 0.644531 0.187500 0.250000
28 0.093750 0.268750 0.187500 0.250000
20 0.764844 0.211719 0.187500 0.250000
