14 0.196875 0.468750 0.187500 0.250000
12 0.778906 0.576562 0.187500 0.250000
25 0.417187 0.726562 0.187500 0.250000
31 0.584375 0.148438 0.187500 0.250000
15 0.693750 0.769531 0.187500 0.250000
32 0.878125 0.316406 0.187500 0.250000
10 0.150781 0.871094 0.187500 0.250000
27 0.307031 0.154688 0.187500 0.250000
30 0.725000 0.326562 0.187500 0.250000
30 0.441406 0.386719 0.187500 0.250000
32 0.589063 0.460156 0.187500 0.250000
4 0.108594 0.650000 0.187500 0.250000
31 0.134375 0.171875 0.187500 0.250000
