11 0.621875 0.567969 0.187500 0.250000
15 0.778125 0.494531 0.187500 0.250000
22 0.461719 0.141406 0.187500 0.250000
2 0.476562 0.435156 0.187500 0.250000
16 0.530469 0.768750 0.187500 0.250000
0 0.841406 0.273438 0.187500 0.250000
21 0.186719 0.639844 0.187500 0.250000
6 0.385156 0.683594 0.187500 0.250000
0 0.123438 0.822656 0.187500 0.250000
14 0.683594 0.230469 0.187500 0.250000
5 0.883594 0.689063 0.187500 0.250000
1 0.231250 0.200000 0.187500 0.250000
9 0.301563 0.407031 0.187500 0.250000
1 0.101562 0.417969 0.187500 0.250000
