29 0.117188 0.609375 0.187500 0.250000
32 0.217188 0.450000 0.187500 0.250000
4 0.580469 0.567187 0.187500 0.250000
3 0.644531 0.355469 0.187500 0.250000
20 0.102344 0.860938 0.187500 0.250000
9 0.197656 0.235937 0.187500 0.250000
24 0.348438 0.289844 0.187500 0.250000
20 0.530469 0.182031 0.187500 0.250000
4 0.846094 0.545312 0.187500 0.250000
1 0.630469 0.771875 0.187500 0.250000
26 0.430469 0.648438 0.187500 0.250000
22 0.829688 0.230469 0.187500 0.250000
4 0.796875 0.803906 0.187500 0.250000
11 0.432031 0.853125 0.187500 0.250000
