9 0.168750 0.778125 0.187500 0.250000
26 0.223438 0.256250 0.187500 0.250000
4 0.469531 0.698438 0.187500 0.250000
23 0.690625 0.306250 0.187500 0.250000
16 0.878125 0.525000 0.187500 0.250000
19 0.450000 0.181250 0.187500 0.250000
13 0.365625 0.364844 0.187500 0.250000
0 0.728125 0.603125 0.187500 0.250000
33 0.096094 0.572656 0.187500 0.250000
10 0.878125 0.253906 0.187500 0.250000
24 0.855469 0.866406 0.187500 0.250000
13 0.592969 0.850000 0.187500 0.250000
1 0.327344 0.627344 0.187500 0.250000
1 0.514844 0.500000 0.187500 0.250000
