19 0.783594 0.560156 0.187500 0.250000
21 0.359375 0.230469 0.187500 0.250000
0 0.175000 0.324219 0.187500 0.250000
15 0.629687 0.871875 0.187500 0.250000
1 0.246875 0.835938 0.187500 0.250000
17 0.581250 0.315625 0.187500 0.250000
26 0.102344 0.580469 0.187500 0.250000
1 0.419531 0.782813 0.187500 0.250000
27 0.903906 0.436719 0.187500 0.250000
29 0.826562 0.757031 0.187500 0.250000
16 0.765625 0.282813 0.187500 0.250000
1 0.334375 0.525000 0.187500 0.250000
9 0.105469 0.130469 0.187500 0.250000
11 0.610938 0.612500 0.187500 0.250000
