0 0.368750 0.264062 0.187500 0.250000
12 0.892188 0.665625 0.187500 0.250000
33 0.428125 0.729688 0.187500 0.250000
24 0.614062 0.363281 0.187500 0.250000
1 0.120313 0.685937 0.187500 0.250000
9 0.685937 0.179688 0.187500 0.250000
22 0.104688 0.284375 0.187500 0.250000
24 0.271875 0.743750 0.187500 0.250000
27 0.631250 0.803906 0.187500 0.250000
11 0.873437 0.429688 0.187500 0.250000
0 0.729688 0.536719 0.187500 0.250000
20 0.818750 0.875000 0.187500 0.250000
9 0.434375 0.450781 0.187500 0.250000
21 0.247656 0.525781 0.187500 0.250000
