2 0.500781 0.643750 0.187500 0.250000
10 0.134375 0.436719 0.187500 0.250000
20 0.873437 0.155469 0.187500 0.250000
33 0.521875 0.168750 0.187500 0.250000
9 0.827344 0.578906 0.187500 0.250000
17 0.317188 0.232031 0.187500 0.250000
13 0.377344 0.773438 0.187500 0.250000
18 0.620313 0.329688 0.187500 0.250000
25 0.883594 0.385937 0.187500 0.250000
6 0.243750 0.676562 0.187500 0.250000
14 0.722656 0.803906 0.187500 0.250000
32 0.285938 0.472656 0.187500 0.250000
11 0.117969 0.821875 0.187500 0.250000
