29 0.692969 0.874219 0.187500 0.250000
33 0.312500 0.377344 0.187500 0.250000
15 0.825000 0.139063 0.187500 0.250000
32 0.179688 0.780469 0.187500 0.250000
33 0.562500 0.544531 0.187500 0.250000
9 0.806250 0.555469 0.187500 0.250000
31 0.642969 0.310156 0.187500 0.250000
18 0.103125 0.466406 0.187500 0.250000
18 0.317188 0.593750 0.187500 0.250000
27 0.459375 0.263281 0.187500 0.250000
13 0.464844 0.776563 0.187500 0.250000
18 0.114844 0.128906 0.187500 0.250000
31 0.796094 0.346094 0.187500 0.250000
