20 0.723437 0.165625 0.187500 0.250000
33 0.478906 0.738281 0.187500 0.250000
23 0.117188 0.431250 0.187500 0.250000
11 0.463281 0.524219 0.187500 0.250000
2 0.791406 0.639062 0.187500 0.250000
8 0.755469 0.438281 0.187500 0.250000
32 0.898438 0.325781 0.187500 0.250000
1 0.886719 0.842969 0.187500 0.250000
29 0.187500 0.830469 0.187500 0.250000
32 0.296094 0.280469 0.187500 0.250000
11 0.184375 0.132812 0.187500 0.250000
17 0.565625 0.303906 0.187500 0.250000
11 0.664844 0.824219 0.187500 0.250000
14 0.224219 0.611719 0.187500 0.250000
