4 0.548438 0.265625 0.187500 0.250000
8 0.096875 0.357812 0.187500 0.250000
19 0.815625 0.139844 0.187500 0.250000
11 0.456250 0.546094 0.187500 0.250000
18 0.210938 0.134375 0.187500 0.250000
24 0.780469 0.857031 0.187500 0.250000
18 0.607031 0.498437 0.187500 0.250000
3 0.374219 0.254688 0.187500 0.250000
4 0.561719 0.717969 0.187500 0.250000
29 0.202344 0.814063 0.187500 0.250000
5 0.392188 0.747656 0.187500 0.250000
30 0.275000 0.452344 0.187500 0.250000
20 0.123438 0.582812 0.187500 0.250000
32 0.820312 0.392188 0.187500 0.250000
