1 0.845313 0.598437 0.187500 0.250000
21 0.138281 0.128125 0.187500 0.250000
0 0.315625 0.721094 0.187500 0.250000
30 0.203125 0.433594 0.187500 0.250000
30 0.119531 0.748437 0.187500 0.250000
21 0.732031 0.853125 0.187500 0.250000
8 0.526563 0.764844 0.187500 0.250000
15 0.721094 0.402344 0.187500 0.250000
15 0.403906 0.528125 0.187500 0.250000
25 0.406250 0.228125 0.187500 0.250000
18 0.556250 0.257812 0.187500 0.250000
0 0.841406 0.264844 0.187500 0.250000
3 0.585156 0.573438 0.187500 0.250000
