15 0.592969 0.225000 0.187500 0.250000
26 0.440625 0.827344 0.187500 0.250000
21 0.135937 0.407813 0.187500 0.250000
24 0.651563 0.505469 0.187500 0.250000
18 0.832031 0.874219 0.187500 0.250000
14 0.460156 0.365625 0.187500 0.250000
9 0.297656 0.400000 0.187500 0.250000
18 0.216406 0.787500 0.187500 0.250000
13 0.832812 0.267969 0.187500 0.250000
23 0.482031 0.575781 0.187500 0.250000
26 0.858594 0.483594 0.187500 0.250000
17 0.269531 0.200000 0.187500 0.250000
7 0.630469 0.865625 0.187500 0.250000
11 0.436719 0.158594 0.187500 0.250000
