6 0.257812 0.225781 0.187500 0.250000
14 0.535937 0.812500 0.187500 0.250000
23 0.809375 0.420312 0.187500 0.250000
15 0.564063 0.223438 0.187500 0.250000
26 0.860938 0.810937 0.187500 0.250000
33 0.351562 0.517188 0.187500 0.250000
9 0.160156 0.814063 0.187500 0.250000
23 0.812500 0.132031 0.187500 0.250000
29 0.402344 0.310156 0.187500 0.250000
13 0.527344 0.562500 0.187500 0.250000
23 0.654687 0.396094 0.187500 0.250000
26 0.693750 0.814844 0.187500 0.250000
19 0.321875 0.786719 0.187500 0.250000
30 0.762500 0.621875 0.187500 0.250000
