10 0.714844 0.766406 0.187500 0.250000
33 0.151562 0.814063 0.187500 0.250000
32 0.566406 0.450781 0.187500 0.250000
33 0.708594 0.342969 0.187500 0.250000
12 0.423438 0.837500 0.187500 0.250000
0 0.192188 0.339844 0.187500 0.250000
33 0.189844 0.568750 0.187500 0.250000
20 0.514844 0.171094 0.187500 0.250000
2 0.439844 0.604688 0.187500 0.250000
5 0.867188 0.514844 0.187500 0.250000
31 0.410938 0.396094 0.187500 0.250000
1 0.819531 0.203125 0.187500 0.250000
15 0.869531 0.849219 0.187500 0.250000
