7 0.172656 0.591406 0.187500 0.250000
21 0.400781 0.578906 0.187500 0.250000
20 0.498437 0.252344 0.187500 0.250000
10 0.693750 0.834375 0.187500 0.250000
26 0.764844 0.539062 0.187500 0.250000
4 0.902344 0.235937 0.187500 0.250000
15 0.266406 0.270313 0.187500 0.250000
29 0.689063 0.207031 0.187500 0.250000
5 0.560156 0.598437 0.187500 0.250000
20 0.472656 0.791406 0.187500 0.250000
10 0.266406 0.767188 0.187500 0.250000
29 0.856250 0.737500 0.187500 0.250000
27 0.110156 0.281250 0.187500 0.250000
