33 0.656250 0.150000 0.187500 0.250000
15 0.117188 0.852344 0.187500 0.250000
26 0.525000 0.457031 0.187500 0.250000
2 0.316406 0.632031 0.187500 0.250000
19 0.461719 0.709375 0.187500 0.250000
11 0.887500 0.825000 0.187500 0.250000
30 0.367969 0.282813 0.187500 0.250000
30 0.900781 0.546094 0.187500 0.250000
30 0.611719 0.743750 0.187500 0.250000
0 0.901563 0.273438 0.187500 0.250000
9 0.271094 0.825781 0.187500 0.250000
8 0.689844 0.375781 0.187500 0.250000
20 0.139844 0.620313 0.187500 0.250000
31 0.164844 0.352344 0.187500 0.250000
