13 0.144531 0.775000 0.187500 0.250000
16 0.215625 0.385937 0.187500 0.250000
13 0.710156 0.735938 0.187500 0.250000
22 0.526563 0.217188 0.187500 0.250000
0 0.262500 0.175781 0.187500 0.250000
9 0.114844 0.135937 0.187500 0.250000
0 0.346094 0.660156 0.187500 0.250000
18 0.589063 0.490625 0.187500 0.250000
0 0.846875 0.636719 0.187500 0.250000
5 0.764062 0.336719 0.187500 0.250000
21 0.574219 0.829688 0.187500 0.250000
15 0.106250 0.546094 0.187500 0.250000
15 0.402344 0.846094 0.187500 0.250000
