3 0.417969 0.350781 0.187500 0.250000
17 0.110937 0.829688 0.187500 0.250000
2 0.119531 0.187500 0.187500 0.250000
21 0.229687 0.668750 0.187500 0.250000
29 0.524219 0.676562 0.187500 0.250000
32 0.718750 0.354687 0.187500 0.250000
1 0.743750 0.750781 0.187500 0.250000
2 0.135156 0.400000 0.187500 0.250000
25 0.594531 0.471875 0.187500 0.250000
25 0.874219 0.521875 0.187500 0.250000
7 0.637500 0.165625 0.187500 0.250000
28 0.878906 0.197656 0.187500 0.250000
8 0.292187 0.465625 0.187500 0.250000
0 0.372656 0.839063 0.187500 0.250000
