0 0.200781 0.132031 0.187500 0.250000
13 0.244531 0.526563 0.187500 0.250000
32 0.666406 0.846875 0.187500 0.250000
16 0.623437 0.425000 0.187500 0.250000
30 0.429688 0.860938 0.187500 0.250000
2 0.882031 0.867188 0.187500 0.250000
4 0.357031 0.341406 0.187500 0.250000
10 0.492969 0.564063 0.187500 0.250000
9 0.803906 0.403906 0.187500 0.250000
3 0.111719 0.821094 0.187500 0.250000
28 0.110937 0.431250 0.187500 0.250000
11 0.380469 0.135156 0.187500 0.250000
16 0.283594 0.758594 0.187500 0.250000
10 0.643750 0.135937 0.187500 0.250000
