5 0.450000 0.229687 0.187500 0.250000
15 0.789062 0.420312 0.187500 0.250000
7 0.386719 0.414062 0.187500 0.250000
16 0.601562 0.653125 0.187500 0.250000
8 0.150781 0.397656 0.187500 0.250000
10 0.724219 0.154688 0.187500 0.250000
23 0.267188 0.691406 0.187500 0.250000
0 0.265625 0.166406 0.187500 0.250000
5 0.126562 0.803125 0.187500 0.250000
20 0.904687 0.247656 0.187500 0.250000
33 0.566406 0.853906 0.187500 0.250000
21 0.804688 0.661719 0.187500 0.250000
13 0.587500 0.410156 0.187500 0.250000
0 0.100781 0.192969 0.187500 0.250000
