0 0.583594 0.504687 0.187500 0.250000
24 0.271094 0.873437 0.187500 0.250000
7 0.489844 0.275000 0.187500 0.250000
30 0.290625 0.192969 0.187500 0.250000
13 0.839844 0.507812 0.187500 0.250000
4 0.717969 0.817969 0.187500 0.250000
32 0.152344 0.682813 0.187500 0.250000
25 0.375781 0.546094 0.187500 0.250000
3 0.875781 0.286719 0.187500 0.250000
12 0.472656 0.792969 0.187500 0.250000
23 0.884375 0.867188 0.187500 0.250000
7 0.147656 0.425000 0.187500 0.250000
24 0.731250 0.173437 0.187500 0.250000
27 0.099219 0.214062 0.187500 0.250000
