2 0.646875 0.863281 0.187500 0.250000
3 0.555469 0.663281 0.187500 0.250000
26 0.634375 0.382812 0.187500 0.250000
14 0.114844 0.753906 0.187500 0.250000
13 0.479687 0.352344 0.187500 0.250000
29 0.789062 0.237500 0.187500 0.250000
26 0.303906 0.646875 0.187500 0.250000
2 0.163281 0.153125 0.187500 0.250000
20 0.793750 0.810937 0.187500 0.250000
29 0.426563 0.802344 0.187500 0.250000
24 0.147656 0.354687 0.187500 0.250000
13 0.852344 0.436719 0.187500 0.250000
32 0.489063 0.128906 0.187500 0.250000
