11 0.129688 0.534375 0.187500 0.250000
0 0.630469 0.691406 0.187500 0.250000
9 0.498437 0.479687 0.187500 0.250000
21 0.764844 0.393750 0.187500 0.250000
20 0.616406 0.196875 0.187500 0.250000
33 0.858594 0.830469 0.187500 0.250000
14 0.340625 0.671875 0.187500 0.250000
28 0.262500 0.132812 0.187500 0.250000
12 0.775781 0.146094 0.187500 0.250000
8 0.408594 0.192969 0.187500 0.250000
30 0.468750 0.855469 0.187500 0.250000
25 0.268750 0.393750 0.187500 0.250000
28 0.162500 0.849219 0.187500 0.250000
24 0.852344 0.606250 0.187500 0.250000
