29 0.534375 0.443750 0.187500 0.250000
1 0.290625 0.827344 0.187500 0.250000
30 0.618750 0.168750 0.187500 0.250000
28 0.607031 0.683594 0.187500 0.250000
19 0.694531 0.407031 0.187500 0.250000
25 0.115625 0.185938 0.187500 0.250000
27 0.212500 0.457031 0.187500 0.250000
26 0.365625 0.589063 0.187500 0.250000
14 0.882031 0.597656 0.187500 0.250000
32 0.282031 0.210938 0.187500 0.250000
15 0.844531 0.383594 0.187500 0.250000
20 0.096094 0.660156 0.187500 0.250000
25 0.116406 0.871875 0.187500 0.250000
31 0.783594 0.814844 0.187500 0.250000
