25 0.478906 0.442969 0.187500 0.250000
10 0.717969 0.336719 0.187500 0.250000
32 0.838281 0.823438 0.187500 0.250000
12 0.157031 0.134375 0.187500 0.250000
24 0.437500 0.778906 0.187500 0.250000
11 0.362500 0.299219 0.187500 0.250000
19 0.648438 0.772656 0.187500 0.250000
32 0.104688 0.583594 0.187500 0.250000
28 0.127344 0.336719 0.187500 0.250000
17 0.896094 0.188281 0.187500 0.250000
0 0.505469 0.210156 0.187500 0.250000
2 0.131250 0.867188 0.187500 0.250000
25 0.639062 0.543750 0.187500 0.250000
0 0.797656 0.578906 0.187500 0.250000
