2 0.185938 0.731250 0.187500 0.250000
10 0.364063 0.719531 0.187500 0.250000
21 0.595313 0.592187 0.187500 0.250000
28 0.142187 0.425000 0.187500 0.250000
9 0.516406 0.325000 0.187500 0.250000
19 0.847656 0.790625 0.187500 0.250000
18 0.587500 0.816406 0.187500 0.250000
4 0.883594 0.226562 0.187500 0.250000
18 0.152344 0.137500 0.187500 0.250000
11 0.767188 0.499219 0.187500 0.250000
23 0.664844 0.273438 0.187500 0.250000
32 0.337500 0.449219 0.187500 0.250000
29 0.388281 0.147656 0.187500 0.250000
