2 0.846875 0.677344 0.187500 0.250000
21 0.104688 0.696875 0.187500 0.250000
0 0.447656 0.304688 0.187500 0.250000
3 0.617188 0.246094 0.187500 0.250000
27 0.282813 0.225781 0.187500 0.250000
10 0.803125 0.336719 0.187500 0.250000
5 0.129688 0.471094 0.187500 0.250000
1 0.300000 0.742188 0.187500 0.250000
29 0.392969 0.565625 0.187500 0.250000
7 0.535156 0.687500 0.187500 0.250000
11 0.753125 0.145313 0.187500 0.250000
14 0.706250 0.557813 0.187500 0.250000
15 0.689063 0.778906 0.187500 0.250000
