23 0.207031 0.735938 0.187500 0.250000
0 0.868750 0.222656 0.187500 0.250000
25 0.254688 0.417969 0.187500 0.250000
6 0.458594 0.777344 0.187500 0.250000
12 0.371875 0.175781 0.187500 0.250000
23 0.507031 0.577344 0.187500 0.250000
4 0.638281 0.414844 0.187500 0.250000
7 0.864062 0.867188 0.187500 0.250000
33 0.753125 0.653125 0.187500 0.250000
6 0.470313 0.368750 0.187500 0.250000
13 0.106250 0.456250 0.187500 0.250000
25 0.144531 0.154688 0.187500 0.250000
24 0.654687 0.875000 0.187500 0.250000
25 0.896875 0.528125 0.187500 0.250000
