33 0.257031 0.717969 0.187500 0.250000
3 0.719531 0.727344 0.187500 0.250000
3 0.403125 0.380469 0.187500 0.250000
12 0.689844 0.161719 0.187500 0.250000
1 0.114844 0.427344 0.187500 0.250000
26 0.490625 0.702344 0.187500 0.250000
0 0.825000 0.476562 0.187500 0.250000
0 0.526563 0.188281 0.187500 0.250000
14 0.629687 0.538281 0.187500 0.250000
23 0.221094 0.232031 0.187500 0.250000
29 0.903906 0.723437 0.187500 0.250000
30 0.103906 0.667969 0.187500 0.250000
23 0.864844 0.270313 0.187500 0.250000
