29 0.347656 0.617188 0.187500 0.250000
4 0.150781 0.553906 0.187500 0.250000
28 0.195312 0.346875 0.187500 0.250000
26 0.779687 0.308594 0.187500 0.250000
16 0.649219 0.481250 0.187500 0.250000
12 0.735156 0.805469 0.187500 0.250000
22 0.804688 0.562500 0.187500 0.250000
6 0.505469 0.646094 0.187500 0.250000
22 0.271094 0.797656 0.187500 0.250000
14 0.500781 0.153906 0.187500 0.250000
4 0.477344 0.378906 0.187500 0.250000
9 0.109375 0.772656 0.187500 0.250000
14 0.875781 0.139844 0.187500 0.250000
31 0.657031 0.135156 0.187500 0.250000
