6 0.860938 0.171875 0.187500 0.250000
0 0.647656 0.575000 0.187500 0.250000
14 0.671875 0.228906 0.187500 0.250000
32 0.146875 0.332813 0.187500 0.250000
6 0.271094 0.210156 0.187500 0.250000
29 0.115625 0.589844 0.187500 0.250000
11 0.440625 0.197656 0.187500 0.250000
26 0.693750 0.813281 0.187500 0.250000
24 0.486719 0.626563 0.187500 0.250000
32 0.896094 0.862500 0.187500 0.250000
6 0.833594 0.463281 0.187500 0.250000
19 0.329688 0.653906 0.187500 0.250000
33 0.567969 0.388281 0.187500 0.250000
23 0.099219 0.128906 0.187500 0.250000
