33 0.725000 0.643750 0.187500 0.250000
9 0.496094 0.333594 0.187500 0.250000
29 0.867188 0.257812 0.187500 0.250000
16 0.142187 0.368750 0.187500 0.250000
29 0.111719 0.726562 0.187500 0.250000
3 0.334375 0.483594 0.187500 0.250000
2 0.880469 0.515625 0.187500 0.250000
12 0.106250 0.154688 0.187500 0.250000
1 0.506250 0.810937 0.187500 0.250000
8 0.695312 0.371875 0.187500 0.250000
19 0.842969 0.875000 0.187500 0.250000
2 0.510156 0.573438 0.187500 0.250000
16 0.266406 0.224219 0.187500 0.250000
4 0.288281 0.867188 0.187500 0.250000
