8 0.550781 0.158594 0.187500 0.250000
6 0.853125 0.330469 0.187500 0.250000
14 0.216406 0.807813 0.187500 0.250000
7 0.197656 0.362500 0.187500 0.250000
29 0.492188 0.449219 0.187500 0.250000
20 0.560156 0.696875 0.187500 0.250000
24 0.790625 0.864062 0.187500 0.250000
26 0.790625 0.628125 0.187500 0.250000
19 0.310156 0.166406 0.187500 0.250000
21 0.746875 0.175781 0.187500 0.250000
16 0.658594 0.353906 0.187500 0.250000
6 0.302344 0.557813 0.187500 0.250000
0 0.125781 0.596094 0.187500 0.250000
