13 0.165625 0.774219 0.187500 0.250000
11 0.813281 0.218750 0.187500 0.250000
29 0.093750 0.375000 0.187500 0.250000
18 0.374219 0.604688 0.187500 0.250000
7 0.670312 0.802344 0.187500 0.250000
2 0.614844 0.325781 0.187500 0.250000
26 0.291406 0.334375 0.187500 0.250000
0 0.481250 0.837500 0.187500 0.250000
0 0.869531 0.446094 0.187500 0.250000
16 0.883594 0.782031 0.187500 0.250000
28 0.467969 0.171094 0.187500 0.250000
21 0.217969 0.559375 0.187500 0.250000
24 0.499219 0.481250 0.187500 0.250000
5 0.693750 0.546875 0.187500 0.250000
