30 0.348438 0.165625 0.187500 0.250000
32 0.875781 0.708594 0.187500 0.250000
8 0.136719 0.514062 0.187500 0.250000
19 0.658594 0.469531 0.187500 0.250000
0 0.457813 0.755469 0.187500 0.250000
28 0.267188 0.803906 0.187500 0.250000
29 0.864062 0.379688 0.187500 0.250000
28 0.650000 0.871875 0.187500 0.250000
8 0.667969 0.188281 0.187500 0.250000
7 0.466406 0.371094 0.187500 0.250000
0 0.238281 0.338281 0.187500 0.250000
13 0.311719 0.545312 0.187500 0.250000
30 0.904687 0.135937 0.187500 0.250000
5 0.102344 0.755469 0.187500 0.250000
