29 0.875000 0.399219 0.187500 0.250000
1 0.647656 0.817969 0.187500 0.250000
11 0.362500 0.228125 0.187500 0.250000
23 0.307812 0.423438 0.187500 0.250000
1 0.386719 0.705469 0.187500 0.250000
30 0.096094 0.597656 0.187500 0.250000
4 0.178906 0.842969 0.187500 0.250000
16 0.464062 0.526563 0.187500 0.250000
26 0.639844 0.377344 0.187500 0.250000
7 0.107031 0.150781 0.187500 0.250000
18 0.878906 0.148438 0.187500 0.250000
0 0.615625 0.167969 0.187500 0.250000
11 0.885938 0.791406 0.187500 0.250000
19 0.095312 0.364844 0.187500 0.250000
