14 0.608594 0.510938 0.187500 0.250000
20 0.117969 0.821875 0.187500 0.250000
12 0.428125 0.603906 0.187500 0.250000
11 0.732031 0.663281 0.187500 0.250000
7 0.264062 0.581250 0.187500 0.250000
17 0.391406 0.129688 0.187500 0.250000
9 0.845313 0.855469 0.187500 0.250000
4 0.651563 0.842969 0.187500 0.250000
24 0.885156 0.531250 0.187500 0.250000
27 0.278906 0.317969 0.187500 0.250000
12 0.828906 0.244531 0.187500 0.250000
0 0.614062 0.223438 0.187500 0.250000
31 0.101562 0.524219 0.187500 0.250000
19 0.442188 0.357031 0.187500 0.250000
