22 0.546094 0.433594 0.187500 0.250000
29 0.354687 0.576562 0.187500 0.250000
32 0.193750 0.581250 0.187500 0.250000
12 0.718750 0.464062 0.187500 0.250000
29 0.875000 0.836719 0.187500 0.250000
5 0.350781 0.160938 0.187500 0.250000
24 0.721875 0.753125 0.187500 0.250000
5 0.496094 0.860156 0.187500 0.250000
4 0.837500 0.269531 0.187500 0.250000
0 0.195312 0.868750 0.187500 0.250000
24 0.868750 0.575000 0.187500 0.250000
18 0.220312 0.363281 0.187500 0.250000
10 0.503125 0.177344 0.187500 0.250000
19 0.537500 0.654687 0.187500 0.250000
