10 0.146094 0.147656 0.187500 0.250000
12 0.404687 0.461719 0.187500 0.250000
29 0.510938 0.754687 0.187500 0.250000
22 0.559375 0.328906 0.187500 0.250000
8 0.769531 0.251563 0.187500 0.250000
10 0.642188 0.640625 0.187500 0.250000
12 0.314063 0.875000 0.187500 0.250000
17 0.192969 0.448437 0.187500 0.250000
29 0.849219 0.722656 0.187500 0.250000
29 0.816406 0.511719 0.187500 0.250000
0 0.514844 0.128906 0.187500 0.250000
13 0.324219 0.130469 0.187500 0.250000
27 0.352344 0.653125 0.187500 0.250000
28 0.735938 0.864844 0.187500 0.250000
