1 0.412500 0.361719 0.187500 0.250000
26 0.488281 0.535937 0.187500 0.250000
1 0.163281 0.258594 0.187500 0.250000
16 0.827344 0.222656 0.187500 0.250000
20 0.235937 0.728906 0.187500 0.250000
26 0.450000 0.856250 0.187500 0.250000
13 0.590625 0.171875 0.187500 0.250000
1 0.792969 0.839844 0.187500 0.250000
3 0.874219 0.428906 0.187500 0.250000
2 0.364063 0.142969 0.187500 0.250000
27 0.753125 0.616406 0.187500 0.250000
31 0.107813 0.568750 0.187500 0.250000
25 0.245312 0.475781 0.187500 0.250000
2 0.722656 0.384375 0.187500 0.250000
