13 0.847656 0.356250 0.187500 0.250000
14 0.701562 0.291406 0.187500 0.250000
25 0.164844 0.145313 0.187500 0.250000
18 0.322656 0.189844 0.187500 0.250000
19 0.145313 0.501563 0.187500 0.250000
6 0.185156 0.848437 0.187500 0.250000
0 0.310937 0.428125 0.187500 0.250000
20 0.783594 0.589063 0.187500 0.250000
27 0.417187 0.585938 0.187500 0.250000
25 0.491406 0.211719 0.187500 0.250000
21 0.644531 0.767188 0.187500 0.250000
17 0.554688 0.441406 0.187500 0.250000
24 0.889844 0.164844 0.187500 0.250000
21 0.473438 0.778125 0.187500 0.250000
