17 0.337500 0.160938 0.187500 0.250000
20 0.539844 0.621094 0.187500 0.250000
7 0.657031 0.353906 0.187500 0.250000
9 0.287500 0.728906 0.187500 0.250000
21 0.882812 0.326562 0.187500 0.250000
6 0.866406 0.646875 0.187500 0.250000
17 0.127344 0.455469 0.187500 0.250000
22 0.105469 0.231250 0.187500 0.250000
4 0.410938 0.484375 0.187500 0.250000
19 0.707031 0.634375 0.187500 0.250000
28 0.099219 0.807031 0.187500 0.250000
0 0.475000 0.810937 0.187500 0.250000
23 0.529687 0.126562 0.187500 0.250000
0 0.764062 0.144531 0.187500 0.250000
