5 0.426563 0.381250 0.187500 0.250000
12 0.191406 0.782813 0.187500 0.250000
10 0.550781 0.720313 0.187500 0.250000
23 0.781250 0.638281 0.187500 0.250000
7 0.855469 0.335938 0.187500 0.250000
0 0.613281 0.377344 0.187500 0.250000
23 0.248438 0.278125 0.187500 0.250000
0 0.791406 0.872656 0.187500 0.250000
1 0.100781 0.448437 0.187500 0.250000
16 0.294531 0.513281 0.187500 0.250000
30 0.361719 0.757031 0.187500 0.250000
31 0.394531 0.150781 0.187500 0.250000
25 0.548438 0.187500 0.187500 0.250000
