20 0.427344 0.233594 0.187500 0.250000
33 0.117188 0.471875 0.187500 0.250000
27 0.318750 0.845313 0.187500 0.250000
14 0.122656 0.142187 0.187500 0.250000
12 0.836719 0.794531 0.187500 0.250000
23 0.651563 0.540625 0.187500 0.250000
31 0.542188 0.764062 0.187500 0.250000
20 0.479687 0.516406 0.187500 0.250000
9 0.102344 0.767188 0.187500 0.250000
17 0.741406 0.203906 0.187500 0.250000
19 0.851562 0.533594 0.187500 0.250000
10 0.301563 0.370312 0.187500 0.250000
24 0.688281 0.871875 0.187500 0.250000
