23 0.900781 0.399219 0.187500 0.250000
28 0.371875 0.616406 0.187500 0.250000
29 0.212500 0.621094 0.187500 0.250000
31 0.512500 0.389844 0.187500 0.250000
23 0.614062 0.669531 0.187500 0.250000
2 0.896094 0.612500 0.187500 0.250000
4 0.421875 0.182031 0.187500 0.250000
14 0.328906 0.409375 0.187500 0.250000
27 0.729688 0.514062 0.187500 0.250000
9 0.230469 0.158594 0.187500 0.250000
21 0.697656 0.231250 0.187500 0.250000
24 0.296094 0.807813 0.187500 0.250000
31 0.785937 0.810156 0.187500 0.250000
