1 0.555469 0.484375 0.187500 0.250000
1 0.796094 0.189844 0.187500 0.250000
25 0.174219 0.603906 0.187500 0.250000
21 0.246875 0.872656 0.187500 0.250000
19 0.393750 0.645312 0.187500 0.250000
8 0.869531 0.647656 0.187500 0.250000
12 0.617188 0.760938 0.187500 0.250000
11 0.446875 0.834375 0.187500 0.250000
1 0.712500 0.542188 0.187500 0.250000
14 0.332031 0.441406 0.187500 0.250000
1 0.585938 0.150000 0.187500 0.250000
22 0.210156 0.212500 0.187500 0.250000
24 0.405469 0.161719 0.187500 0.250000
