12 0.525000 0.206250 0.187500 0.250000
33 0.869531 0.412500 0.187500 0.250000
13 0.184375 0.796094 0.187500 0.250000
24 0.768750 0.194531 0.187500 0.250000
9 0.417187 0.707812 0.187500 0.250000
21 0.903125 0.679688 0.187500 0.250000
4 0.398438 0.406250 0.187500 0.250000
20 0.595313 0.591406 0.187500 0.250000
6 0.707812 0.409375 0.187500 0.250000
4 0.200000 0.369531 0.187500 0.250000
11 0.780469 0.833594 0.187500 0.250000
11 0.107031 0.534375 0.187500 0.250000
27 0.360156 0.186719 0.187500 0.250000
