9 0.526563 0.824219 0.187500 0.250000
22 0.694531 0.325781 0.187500 0.250000
30 0.892969 0.521094 0.187500 0.250000
28 0.345313 0.754687 0.187500 0.250000
24 0.471875 0.522656 0.187500 0.250000
7 0.188281 0.658594 0.187500 0.250000
9 0.747656 0.689844 0.187500 0.250000
32 0.151562 0.328125 0.187500 0.250000
9 0.558594 0.149219 0.187500 0.250000
21 0.279687 0.207031 0.187500 0.250000
14 0.097656 0.853906 0.187500 0.250000
14 0.302344 0.510156 0.187500 0.250000
7 0.867188 0.143750 0.187500 0.250000
