9 0.663281 0.310156 0.187500 0.250000
33 0.653906 0.774219 0.187500 0.250000
26 0.096094 0.357812 0.187500 0.250000
32 0.497656 0.744531 0.187500 0.250000
5 0.246875 0.150781 0.187500 0.250000
1 0.143750 0.619531 0.187500 0.250000
0 0.286719 0.834375 0.187500 0.250000
9 0.314844 0.425781 0.187500 0.250000
8 0.892969 0.787500 0.187500 0.250000
22 0.719531 0.586719 0.187500 0.250000
21 0.838281 0.275000 0.187500 0.250000
19 0.095312 0.839063 0.187500 0.250000
21 0.417187 0.170313 0.187500 0.250000
19 0.884375 0.508594 0.187500 0.250000
