19 0.546875 0.139844 0.187500 0.250000
12 0.564844 0.496875 0.187500 0.250000
5 0.159375 0.256250 0.187500 0.250000
8 0.270313 0.824219 0.187500 0.250000
10 0.185938 0.459375 0.187500 0.250000
0 0.803125 0.141406 0.187500 0.250000
10 0.692187 0.382812 0.187500 0.250000
16 0.762500 0.569531 0.187500 0.250000
26 0.341406 0.185156 0.187500 0.250000
4 0.857812 0.821875 0.187500 0.250000
31 0.359375 0.559375 0.187500 0.250000
14 0.466406 0.338281 0.187500 0.250000
7 0.579688 0.746875 0.187500 0.250000
23 0.900781 0.346875 0.187500 0.250000
