23 0.894531 0.439063 0.187500 0.250000
32 0.183594 0.415625 0.187500 0.250000
6 0.314844 0.802344 0.187500 0.250000
24 0.561719 0.438281 0.187500 0.250000
15 0.104688 0.198437 0.187500 0.250000
7 0.738281 0.732812 0.187500 0.250000
15 0.406250 0.433594 0.187500 0.250000
17 0.617969 0.862500 0.187500 0.250000
13 0.786719 0.292187 0.187500 0.250000
19 0.464062 0.178125 0.187500 0.250000
21 0.275000 0.179688 0.187500 0.250000
11 0.874219 0.125781 0.187500 0.250000
16 0.549219 0.664062 0.187500 0.250000
16 0.112500 0.753125 0.187500 0.250000
