32 0.423438 0.302344 0.187500 0.250000
11 0.441406 0.835938 0.187500 0.250000
17 0.857031 0.676562 0.187500 0.250000
22 0.710938 0.562500 0.187500 0.250000
12 0.217188 0.644531 0.187500 0.250000
3 0.682031 0.324219 0.187500 0.250000
2 0.906250 0.368750 0.187500 0.250000
29 0.121094 0.378906 0.187500 0.250000
18 0.680469 0.777344 0.187500 0.250000
25 0.096875 0.832812 0.187500 0.250000
16 0.472656 0.609375 0.187500 0.250000
30 0.866406 0.162500 0.187500 0.250000
30 0.097656 0.168750 0.187500 0.250000
6 0.535937 0.139063 0.187500 0.250000
