2 0.882812 0.657031 0.187500 0.250000
4 0.516406 0.821875 0.187500 0.250000
26 0.660937 0.206250 0.187500 0.250000
29 0.217188 0.814844 0.187500 0.250000
19 0.465625 0.382812 0.187500 0.250000
0 0.097656 0.688281 0.187500 0.250000
0 0.700000 0.792969 0.187500 0.250000
20 0.364063 0.723437 0.187500 0.250000
15 0.339062 0.175781 0.187500 0.250000
15 0.891406 0.445312 0.187500 0.250000
31 0.602344 0.478125 0.187500 0.250000
21 0.851562 0.187500 0.187500 0.250000
19 0.214062 0.546875 0.187500 0.250000
33 0.096094 0.171094 0.187500 0.250000
