10 0.225781 0.825781 0.187500 0.250000
33 0.823438 0.409375 0.187500 0.250000
24 0.546094 0.305469 0.187500 0.250000
20 0.538281 0.853906 0.187500 0.250000
11 0.097656 0.541406 0.187500 0.250000
14 0.136719 0.260937 0.187500 0.250000
0 0.435156 0.484375 0.187500 0.250000
17 0.707031 0.149219 0.187500 0.250000
1 0.664062 0.521094 0.187500 0.250000
25 0.764844 0.721094 0.187500 0.250000
16 0.248438 0.512500 0.187500 0.250000
4 0.384375 0.231250 0.187500 0.250000
19 0.900000 0.628906 0.187500 0.250000
