19 0.164062 0.540625 0.187500 0.250000
23 0.549219 0.664844 0.187500 0.250000
8 0.883594 0.167187 0.187500 0.250000
9 0.225000 0.139844 0.187500 0.250000
27 0.464062 0.406250 0.187500 0.250000
26 0.844531 0.657031 0.187500 0.250000
26 0.575781 0.198437 0.187500 0.250000
1 0.397656 0.835156 0.187500 0.250000
29 0.721875 0.480469 0.187500 0.250000
27 0.681250 0.795312 0.187500 0.250000
13 0.204687 0.797656 0.187500 0.250000
22 0.312500 0.479687 0.187500 0.250000
0 0.141406 0.325781 0.187500 0.250000
