3 0.511719 0.587500 0.187500 0.250000
8 0.795312 0.271875 0.187500 0.250000
21 0.807813 0.597656 0.187500 0.250000
6 0.455469 0.210156 0.187500 0.250000
20 0.275781 0.814063 0.187500 0.250000
11 0.606250 0.814844 0.187500 0.250000
2 0.217969 0.178125 0.187500 0.250000
17 0.189844 0.632031 0.187500 0.250000
22 0.581250 0.399219 0.187500 0.250000
25 0.196094 0.390625 0.187500 0.250000
13 0.330469 0.543750 0.187500 0.250000
9 0.117188 0.834375 0.187500 0.250000
1 0.431250 0.873437 0.187500 0.250000
24 0.657031 0.157812 0.187500 0.250000
