2 0.855469 0.741406 0.187500 0.250000
7 0.476562 0.527344 0.187500 0.250000
6 0.144531 0.599219 0.187500 0.250000
1 0.292187 0.484375 0.187500 0.250000
16 0.849219 0.182031 0.187500 0.250000
31 0.614062 0.657031 0.187500 0.250000
29 0.381250 0.818750 0.187500 0.250000
23 0.500781 0.160938 0.187500 0.250000
1 0.146875 0.217969 0.187500 0.250000
25 0.395313 0.314063 0.187500 0.250000
27 0.735938 0.336719 0.187500 0.250000
32 0.115625 0.839844 0.187500 0.250000
29 0.661719 0.855469 0.187500 0.250000
