16 0.831250 0.514062 0.187500 0.250000
30 0.846094 0.793750 0.187500 0.250000
4 0.614062 0.382031 0.187500 0.250000
26 0.357031 0.514062 0.187500 0.250000
3 0.200781 0.797656 0.187500 0.250000
22 0.486719 0.739844 0.187500 0.250000
2 0.107813 0.355469 0.187500 0.250000
18 0.900781 0.282813 0.187500 0.250000
26 0.396875 0.132812 0.187500 0.250000
19 0.130469 0.578906 0.187500 0.250000
17 0.732812 0.247656 0.187500 0.250000
30 0.129688 0.153906 0.187500 0.250000
14 0.682813 0.711719 0.187500 0.250000
