23 0.556250 0.867969 0.187500 0.250000
17 0.127344 0.344531 0.187500 0.250000
2 0.747656 0.465625 0.187500 0.250000
16 0.840625 0.126562 0.187500 0.250000
9 0.826562 0.721094 0.187500 0.250000
6 0.457031 0.663281 0.187500 0.250000
9 0.550781 0.167187 0.187500 0.250000
20 0.390625 0.196875 0.187500 0.250000
32 0.262500 0.778906 0.187500 0.250000
25 0.304688 0.391406 0.187500 0.250000
33 0.228125 0.584375 0.187500 0.250000
21 0.607812 0.389062 0.187500 0.250000
6 0.610938 0.621875 0.187500 0.250000
