33 0.182031 0.866406 0.187500 0.250000
16 0.229687 0.200781 0.187500 0.250000
3 0.409375 0.650781 0.187500 0.250000
33 0.150000 0.577344 0.187500 0.250000
16 0.283594 0.472656 0.187500 0.250000
20 0.855469 0.140625 0.187500 0.250000
22 0.839844 0.363281 0.187500 0.250000
16 0.831250 0.821094 0.187500 0.250000
16 0.610938 0.221094 0.187500 0.250000
1 0.414844 0.220312 0.187500 0.250000
18 0.543750 0.758594 0.187500 0.250000
33 0.669531 0.418750 0.187500 0.250000
28 0.835938 0.587500 0.187500 0.250000
1 0.100781 0.364844 0.187500 0.250000
