3 0.737500 0.194531 0.187500 0.250000
22 0.168750 0.721875 0.187500 0.250000
6 0.604688 0.850000 0.187500 0.250000
2 0.503906 0.568750 0.187500 0.250000
11 0.240625 0.401562 0.187500 0.250000
28 0.222656 0.162500 0.187500 0.250000
5 0.892969 0.437500 0.187500 0.250000
19 0.383594 0.233594 0.187500 0.250000
25 0.395313 0.791406 0.187500 0.250000
22 0.810156 0.702344 0.187500 0.250000
23 0.896875 0.165625 0.187500 0.250000
3 0.099219 0.526563 0.187500 0.250000
15 0.100000 0.315625 0.187500 0.250000
18 0.718750 0.403125 0.187500 0.250000
