0 0.713281 0.539062 0.187500 0.250000
25 0.107813 0.645312 0.187500 0.250000
27 0.899219 0.753125 0.187500 0.250000
21 0.684375 0.811719 0.187500 0.250000
17 0.303125 0.619531 0.187500 0.250000
27 0.419531 0.157031 0.187500 0.250000
4 0.292969 0.360938 0.187500 0.250000
29 0.596875 0.135156 0.187500 0.250000
3 0.874219 0.499219 0.187500 0.250000
12 0.136719 0.845313 0.187500 0.250000
17 0.580469 0.360156 0.187500 0.250000
28 0.138281 0.424219 0.187500 0.250000
23 0.531250 0.632812 0.187500 0.250000
25 0.316406 0.873437 0.187500 0.250000
