26 0.249219 0.721875 0.187500 0.250000
27 0.767188 0.421875 0.187500 0.250000
0 0.161719 0.309375 0.187500 0.250000
0 0.518750 0.405469 0.187500 0.250000
24 0.700781 0.865625 0.187500 0.250000
17 0.517188 0.645312 0.187500 0.250000
0 0.379688 0.232813 0.187500 0.250000
32 0.811719 0.199219 0.187500 0.250000
5 0.845313 0.654687 0.187500 0.250000
32 0.198437 0.514062 0.187500 0.250000
24 0.371875 0.592187 0.187500 0.250000
24 0.374219 0.870313 0.187500 0.250000
1 0.588281 0.142187 0.187500 0.250000
19 0.894531 0.870313 0.187500 0.250000
