2 0.169531 0.510156 0.187500 0.250000
18 0.478906 0.677344 0.187500 0.250000
17 0.685156 0.234375 0.187500 0.250000
25 0.782031 0.464062 0.187500 0.250000
2 0.365625 0.175781 0.187500 0.250000
9 0.139063 0.809375 0.187500 0.250000
27 0.532813 0.431250 0.187500 0.250000
5 0.812500 0.771094 0.187500 0.250000
14 0.101562 0.240625 0.187500 0.250000
10 0.655469 0.700000 0.187500 0.250000
14 0.902344 0.328906 0.187500 0.250000
1 0.335938 0.503125 0.187500 0.250000
3 0.303125 0.773438 0.187500 0.250000
9 0.535937 0.166406 0.187500 0.250000
