3 0.387500 0.502344 0.187500 0.250000
2 0.678906 0.760156 0.187500 0.250000
25 0.133594 0.289062 0.187500 0.250000
13 0.894531 0.296094 0.187500 0.250000
9 0.642188 0.215625 0.187500 0.250000
2 0.267969 0.710156 0.187500 0.250000
29 0.612500 0.500000 0.187500 0.250000
4 0.487500 0.828906 0.187500 0.250000
5 0.886719 0.732031 0.187500 0.250000
13 0.435156 0.226562 0.187500 0.250000
28 0.225000 0.467187 0.187500 0.250000
3 0.769531 0.425000 0.187500 0.250000
24 0.096094 0.804688 0.187500 0.250000
24 0.785937 0.151562 0.187500 0.250000
