33 0.505469 0.389844 0.187500 0.250000
31 0.223438 0.863281 0.187500 0.250000
24 0.495312 0.747656 0.187500 0.250000
5 0.304688 0.507031 0.187500 0.250000
24 0.810156 0.388281 0.187500 0.250000
4 0.108594 0.547656 0.187500 0.250000
23 0.460938 0.158594 0.187500 0.250000
14 0.842187 0.859375 0.187500 0.250000
9 0.809375 0.607812 0.187500 0.250000
27 0.158594 0.221094 0.187500 0.250000
6 0.868750 0.132031 0.187500 0.250000
7 0.333594 0.304688 0.187500 0.250000
3 0.641406 0.590625 0.187500 0.250000
3 0.653906 0.271094 0.187500 0.250000
