27 0.887500 0.391406 0.187500 0.250000
11 0.213281 0.423438 0.187500 0.250000
28 0.364063 0.664844 0.187500 0.250000
17 0.102344 0.149219 0.187500 0.250000
6 0.875000 0.814063 0.187500 0.250000
27 0.119531 0.641406 0.187500 0.250000
11 0.420312 0.409375 0.187500 0.250000
17 0.551562 0.576562 0.187500 0.250000
19 0.621875 0.153125 0.187500 0.250000
21 0.764844 0.628125 0.187500 0.250000
12 0.218750 0.810156 0.187500 0.250000
10 0.415625 0.869531 0.187500 0.250000
16 0.778906 0.243750 0.187500 0.250000
32 0.622656 0.839063 0.187500 0.250000
