16 0.157031 0.150781 0.187500 0.250000
28 0.696875 0.520312 0.187500 0.250000
1 0.549219 0.591406 0.187500 0.250000
25 0.256250 0.389062 0.187500 0.250000
7 0.252344 0.824219 0.187500 0.250000
24 0.111719 0.577344 0.187500 0.250000
19 0.347656 0.626563 0.187500 0.250000
27 0.503906 0.162500 0.187500 0.250000
3 0.493750 0.842187 0.187500 0.250000
33 0.649219 0.770312 0.187500 0.250000
0 0.333594 0.175000 0.187500 0.250000
20 0.857031 0.306250 0.187500 0.250000
1 0.430469 0.378906 0.187500 0.250000
18 0.691406 0.182031 0.187500 0.250000
