26 0.698438 0.553125 0.187500 0.250000
16 0.288281 0.650781 0.187500 0.250000
11 0.096094 0.703906 0.187500 0.250000
27 0.238281 0.232813 0.187500 0.250000
27 0.897656 0.373437 0.187500 0.250000
15 0.141406 0.492969 0.187500 0.250000
13 0.593750 0.135156 0.187500 0.250000
32 0.501563 0.503125 0.187500 0.250000
14 0.731250 0.875000 0.187500 0.250000
25 0.425781 0.869531 0.187500 0.250000
28 0.596094 0.783594 0.187500 0.250000
20 0.846094 0.129688 0.187500 0.250000
30 0.847656 0.624219 0.187500 0.250000
28 0.413281 0.295312 0.187500 0.250000
