3 0.473438 0.178125 0.187500 0.250000
30 0.827344 0.271094 0.187500 0.250000
5 0.268750 0.709375 0.187500 0.250000
4 0.397656 0.585156 0.187500 0.250000
8 0.169531 0.243750 0.187500 0.250000
33 0.607031 0.464062 0.187500 0.250000
0 0.328125 0.346875 0.187500 0.250000
9 0.700000 0.832031 0.187500 0.250000
6 0.478125 0.828125 0.187500 0.250000
24 0.807031 0.545312 0.187500 0.250000
1 0.127344 0.803906 0.187500 0.250000
33 0.891406 0.828906 0.187500 0.250000
8 0.139844 0.498437 0.187500 0.250000
11 0.589063 0.673438 0.187500 0.250000
