15 0.169531 0.654687 0.187500 0.250000
12 0.562500 0.326562 0.187500 0.250000
20 0.833594 0.806250 0.187500 0.250000
24 0.164062 0.292187 0.187500 0.250000
9 0.614844 0.657813 0.187500 0.250000
1 0.331250 0.136719 0.187500 0.250000
1 0.240625 0.473438 0.187500 0.250000
15 0.726562 0.192969 0.187500 0.250000
22 0.756250 0.479687 0.187500 0.250000
17 0.321094 0.875000 0.187500 0.250000
23 0.485156 0.506250 0.187500 0.250000
4 0.885938 0.203906 0.187500 0.250000
31 0.512500 0.812500 0.187500 0.250000
