30 0.846094 0.407031 0.187500 0.250000
11 0.261719 0.215625 0.187500 0.250000
31 0.344531 0.542969 0.187500 0.250000
2 0.546875 0.721875 0.187500 0.250000
3 0.706250 0.785156 0.187500 0.250000
9 0.553125 0.357031 0.187500 0.250000
6 0.905469 0.801562 0.187500 0.250000
7 0.291406 0.821875 0.187500 0.250000
19 0.129688 0.382812 0.187500 0.250000
11 0.401562 0.132031 0.187500 0.250000
7 0.397656 0.350000 0.187500 0.250000
11 0.148438 0.657031 0.187500 0.250000
1 0.667188 0.142187 0.187500 0.250000
7 0.691406 0.533594 0.187500 0.250000
