8 0.729688 0.221094 0.187500 0.250000
29 0.437500 0.544531 0.187500 0.250000
13 0.553906 0.768750 0.187500 0.250000
23 0.746875 0.586719 0.187500 0.250000
28 0.839063 0.389844 0.187500 0.250000
32 0.119531 0.627344 0.187500 0.250000
22 0.593750 0.349219 0.187500 0.250000
2 0.400781 0.810156 0.187500 0.250000
14 0.315625 0.183594 0.187500 0.250000
13 0.100781 0.262500 0.187500 0.250000
33 0.767969 0.805469 0.187500 0.250000
4 0.202344 0.822656 0.187500 0.250000
11 0.258594 0.461719 0.187500 0.250000
