16 0.696094 0.789062 0.187500 0.250000
15 0.103125 0.755469 0.187500 0.250000
18 0.896094 0.125000 0.187500 0.250000
25 0.557813 0.360938 0.187500 0.250000
30 0.805469 0.394531 0.187500 0.250000
14 0.200000 0.526563 0.187500 0.250000
28 0.877344 0.636719 0.187500 0.250000
26 0.482031 0.796094 0.187500 0.250000
0 0.352344 0.546875 0.187500 0.250000
16 0.582031 0.156250 0.187500 0.250000
21 0.094531 0.243750 0.187500 0.250000
28 0.570312 0.577344 0.187500 0.250000
15 0.260156 0.267969 0.187500 0.250000
20 0.414844 0.175000 0.187500 0.250000
