33 0.453906 0.825000 0.187500 0.250000
26 0.863281 0.378125 0.187500 0.250000
27 0.287500 0.528125 0.187500 0.250000
7 0.728125 0.770312 0.187500 0.250000
14 0.266406 0.313281 0.187500 0.250000
28 0.896875 0.720313 0.187500 0.250000
4 0.292969 0.746875 0.187500 0.250000
21 0.553906 0.387500 0.187500 0.250000
28 0.475781 0.133594 0.187500 0.250000
24 0.128125 0.396875 0.187500 0.250000
2 0.107813 0.164062 0.187500 0.250000
15 0.601562 0.602344 0.187500 0.250000
25 0.892969 0.146875 0.187500 0.250000
22 0.117188 0.703125 0.187500 0.250000
