9 0.106250 0.408594 0.187500 0.250000
7 0.539844 0.761719 0.187500 0.250000
0 0.561719 0.391406 0.187500 0.250000
30 0.692187 0.753906 0.187500 0.250000
22 0.251563 0.605469 0.187500 0.250000
12 0.550000 0.187500 0.187500 0.250000
5 0.300781 0.126562 0.187500 0.250000
15 0.902344 0.757031 0.187500 0.250000
0 0.817187 0.293750 0.187500 0.250000
7 0.261719 0.868750 0.187500 0.250000
11 0.821875 0.502344 0.187500 0.250000
10 0.434375 0.565625 0.187500 0.250000
28 0.386719 0.301563 0.187500 0.250000
