21 0.582812 0.205469 0.187500 0.250000
30 0.460938 0.792188 0.187500 0.250000
19 0.646875 0.427344 0.187500 0.250000
33 0.753125 0.711719 0.187500 0.250000
12 0.381250 0.260156 0.187500 0.250000
11 0.735156 0.246875 0.187500 0.250000
17 0.902344 0.167187 0.187500 0.250000
3 0.357812 0.626563 0.187500 0.250000
21 0.269531 0.792188 0.187500 0.250000
26 0.502344 0.489844 0.187500 0.250000
16 0.114062 0.343750 0.187500 0.250000
9 0.616406 0.849219 0.187500 0.250000
14 0.860156 0.478125 0.187500 0.250000
