1 0.235937 0.394531 0.187500 0.250000
14 0.398438 0.817187 0.187500 0.250000
28 0.112500 0.767969 0.187500 0.250000
31 0.803906 0.811719 0.187500 0.250000
16 0.190625 0.190625 0.187500 0.250000
20 0.843750 0.562500 0.187500 0.250000
27 0.871094 0.150781 0.187500 0.250000
19 0.692187 0.260156 0.187500 0.250000
30 0.601562 0.427344 0.187500 0.250000
26 0.548438 0.732812 0.187500 0.250000
11 0.286719 0.618750 0.187500 0.250000
20 0.411719 0.417969 0.187500 0.250000
18 0.493750 0.151562 0.187500 0.250000
