29 0.275000 0.756250 0.187500 0.250000
8 0.097656 0.695312 0.187500 0.250000
28 0.800781 0.800000 0.187500 0.250000
31 0.627344 0.515625 0.187500 0.250000
25 0.898438 0.275000 0.187500 0.250000
11 0.121094 0.485938 0.187500 0.250000
26 0.305469 0.438281 0.187500 0.250000
11 0.446094 0.864062 0.187500 0.250000
12 0.600000 0.263281 0.187500 0.250000
25 0.134375 0.160938 0.187500 0.250000
31 0.548438 0.708594 0.187500 0.250000
23 0.429688 0.314844 0.187500 0.250000
13 0.793750 0.502344 0.187500 0.250000
