2 0.378906 0.134375 0.187500 0.250000
25 0.172656 0.842187 0.187500 0.250000
23 0.625781 0.343750 0.187500 0.250000
18 0.465625 0.608594 0.187500 0.250000
7 0.357031 0.861719 0.187500 0.250000
23 0.273438 0.392969 0.187500 0.250000
29 0.132031 0.289062 0.187500 0.250000
15 0.610156 0.769531 0.187500 0.250000
13 0.860938 0.446875 0.187500 0.250000
33 0.807813 0.152344 0.187500 0.250000
6 0.812500 0.789062 0.187500 0.250000
31 0.619531 0.125000 0.187500 0.250000
13 0.230469 0.621875 0.187500 0.250000
