0 0.709375 0.473438 0.187500 0.250000
13 0.575781 0.744531 0.187500 0.250000
3 0.192188 0.419531 0.187500 0.250000
31 0.108594 0.603906 0.187500 0.250000
5 0.800781 0.788281 0.187500 0.250000
8 0.150781 0.220312 0.187500 0.250000
33 0.350000 0.328906 0.187500 0.250000
4 0.859375 0.362500 0.187500 0.250000
24 0.542969 0.152344 0.187500 0.250000
6 0.232813 0.760156 0.187500 0.250000
14 0.418750 0.841406 0.187500 0.250000
0 0.514844 0.452344 0.187500 0.250000
30 0.869531 0.602344 0.187500 0.250000
32 0.739844 0.160938 0.187500 0.250000
