25 0.685937 0.541406 0.187500 0.250000
30 0.444531 0.419531 0.187500 0.250000
31 0.827344 0.766406 0.187500 0.250000
0 0.553125 0.864062 0.187500 0.250000
9 0.100000 0.851562 0.187500 0.250000
26 0.866406 0.157812 0.187500 0.250000
23 0.204687 0.378125 0.187500 0.250000
14 0.307812 0.140625 0.187500 0.250000
10 0.359375 0.629687 0.187500 0.250000
24 0.525781 0.139063 0.187500 0.250000
20 0.133594 0.596094 0.187500 0.250000
5 0.521094 0.645312 0.187500 0.250000
10 0.880469 0.457031 0.187500 0.250000
5 0.751563 0.292187 0.187500 0.250000
