17 0.863281 0.466406 0.187500 0.250000
21 0.819531 0.182812 0.187500 0.250000
9 0.692969 0.472656 0.187500 0.250000
17 0.524219 0.671094 0.187500 0.250000
6 0.675000 0.872656 0.187500 0.250000
14 0.436719 0.345313 0.187500 0.250000
24 0.096094 0.450781 0.187500 0.250000
1 0.655469 0.172656 0.187500 0.250000
21 0.136719 0.674219 0.187500 0.250000
0 0.339062 0.835156 0.187500 0.250000
31 0.279687 0.138281 0.187500 0.250000
12 0.313281 0.631250 0.187500 0.250000
30 0.773438 0.659375 0.187500 0.250000
20 0.439063 0.134375 0.187500 0.250000
