0 0.707031 0.815625 0.187500 0.250000
0 0.596094 0.603125 0.187500 0.250000
6 0.490625 0.342187 0.187500 0.250000
19 0.879687 0.474219 0.187500 0.250000
8 0.782813 0.262500 0.187500 0.250000
27 0.114062 0.267188 0.187500 0.250000
14 0.723437 0.449219 0.187500 0.250000
31 0.878906 0.758594 0.187500 0.250000
21 0.497656 0.136719 0.187500 0.250000
21 0.305469 0.850000 0.187500 0.250000
30 0.136719 0.762500 0.187500 0.250000
22 0.361719 0.561719 0.187500 0.250000
25 0.121875 0.519531 0.187500 0.250000
7 0.459375 0.775000 0.187500 0.250000
