13 0.792969 0.517969 0.187500 0.250000
1 0.375000 0.785937 0.187500 0.250000
20 0.857812 0.331250 0.187500 0.250000
26 0.788281 0.875000 0.187500 0.250000
16 0.350781 0.514844 0.187500 0.250000
28 0.639062 0.801562 0.187500 0.250000
14 0.127344 0.695312 0.187500 0.250000
12 0.784375 0.132031 0.187500 0.250000
30 0.878906 0.697656 0.187500 0.250000
8 0.508594 0.156250 0.187500 0.250000
11 0.186719 0.139063 0.187500 0.250000
19 0.581250 0.360938 0.187500 0.250000
7 0.208594 0.388281 0.187500 0.250000
