22 0.139063 0.542188 0.187500 0.250000
29 0.656250 0.310937 0.187500 0.250000
8 0.523438 0.432812 0.187500 0.250000
27 0.813281 0.611719 0.187500 0.250000
28 0.606250 0.702344 0.187500 0.250000
16 0.841406 0.187500 0.187500 0.250000
33 0.308594 0.634375 0.187500 0.250000
15 0.385937 0.296094 0.187500 0.250000
22 0.507031 0.129688 0.187500 0.250000
33 0.297656 0.875000 0.187500 0.250000
16 0.895312 0.438281 0.187500 0.250000
17 0.437500 0.803125 0.187500 0.250000
32 0.188281 0.333594 0.187500 0.250000
11 0.717187 0.869531 0.187500 0.250000
