18 0.175781 0.635938 0.187500 0.250000
21 0.713281 0.529687 0.187500 0.250000
15 0.659375 0.328906 0.187500 0.250000
24 0.446875 0.313281 0.187500 0.250000
28 0.175000 0.846094 0.187500 0.250000
2 0.475781 0.542188 0.187500 0.250000
8 0.817187 0.304688 0.187500 0.250000
4 0.339062 0.718750 0.187500 0.250000
13 0.095312 0.150781 0.187500 0.250000
24 0.267969 0.351562 0.187500 0.250000
6 0.599219 0.677344 0.187500 0.250000
19 0.857031 0.875000 0.187500 0.250000
10 0.367188 0.129688 0.187500 0.250000
