30 0.497656 0.209375 0.187500 0.250000
16 0.281250 0.197656 0.187500 0.250000
0 0.414844 0.567969 0.187500 0.250000
9 0.271094 0.792969 0.187500 0.250000
33 0.107031 0.550000 0.187500 0.250000
24 0.707031 0.278125 0.187500 0.250000
22 0.770312 0.624219 0.187500 0.250000
33 0.878906 0.771875 0.187500 0.250000
31 0.575000 0.691406 0.187500 0.250000
0 0.107813 0.859375 0.187500 0.250000
1 0.861719 0.182031 0.187500 0.250000
4 0.638281 0.471094 0.187500 0.250000
6 0.901563 0.444531 0.187500 0.250000
15 0.428906 0.869531 0.187500 0.250000
