18 0.229687 0.864844 0.187500 0.250000
3 0.248438 0.203125 0.187500 0.250000
8 0.328125 0.413281 0.187500 0.250000
16 0.572656 0.621875 0.187500 0.250000
13 0.610938 0.266406 0.187500 0.250000
11 0.119531 0.340625 0.187500 0.250000
17 0.760156 0.327344 0.187500 0.250000
19 0.624219 0.830469 0.187500 0.250000
26 0.459375 0.760938 0.187500 0.250000
27 0.846875 0.688281 0.187500 0.250000
16 0.291406 0.633594 0.187500 0.250000
16 0.100781 0.549219 0.187500 0.250000
32 0.478125 0.142969 0.187500 0.250000
