17 0.200000 0.874219 0.187500 0.250000
15 0.264062 0.444531 0.187500 0.250000
16 0.885938 0.846094 0.187500 0.250000
2 0.813281 0.619531 0.187500 0.250000
18 0.732812 0.395313 0.187500 0.250000
20 0.521875 0.538281 0.187500 0.250000
33 0.333594 0.160938 0.187500 0.250000
4 0.339844 0.649219 0.187500 0.250000
12 0.132031 0.275781 0.187500 0.250000
3 0.134375 0.555469 0.187500 0.250000
18 0.877344 0.278906 0.187500 0.250000
23 0.713281 0.869531 0.187500 0.250000
30 0.683594 0.178125 0.187500 0.250000
28 0.484375 0.125781 0.187500 0.250000
