24 0.408594 0.359375 0.187500 0.250000
8 0.614844 0.282031 0.187500 0.250000
12 0.109375 0.148438 0.187500 0.250000
12 0.137500 0.728125 0.187500 0.250000
30 0.800000 0.361719 0.187500 0.250000
3 0.726562 0.562500 0.187500 0.250000
10 0.370312 0.680469 0.187500 0.250000
25 0.682813 0.853125 0.187500 0.250000
26 0.878125 0.746094 0.187500 0.250000
18 0.838281 0.153906 0.187500 0.250000
2 0.096875 0.511719 0.187500 0.250000
25 0.556250 0.650000 0.187500 0.250000
2 0.229687 0.349219 0.187500 0.250000
6 0.448437 0.148438 0.187500 0.250000
