4 0.183594 0.755469 0.187500 0.250000
20 0.898438 0.844531 0.187500 0.250000
28 0.446875 0.460938 0.187500 0.250000
6 0.857031 0.307031 0.187500 0.250000
8 0.443750 0.796094 0.187500 0.250000
31 0.243750 0.323437 0.187500 0.250000
19 0.459375 0.203906 0.187500 0.250000
25 0.617969 0.353125 0.187500 0.250000
14 0.721875 0.621875 0.187500 0.250000
11 0.715625 0.167969 0.187500 0.250000
2 0.888281 0.580469 0.187500 0.250000
22 0.126562 0.156250 0.187500 0.250000
14 0.340625 0.636719 0.187500 0.250000
27 0.110156 0.479687 0.187500 0.250000
