8 0.846875 0.557813 0.187500 0.250000
12 0.584375 0.510938 0.187500 0.250000
6 0.278906 0.432031 0.187500 0.250000
33 0.528125 0.246875 0.187500 0.250000
30 0.673438 0.810937 0.187500 0.250000
1 0.246094 0.742188 0.187500 0.250000
21 0.882031 0.205469 0.187500 0.250000
26 0.121094 0.389062 0.187500 0.250000
26 0.700781 0.132812 0.187500 0.250000
13 0.435937 0.833594 0.187500 0.250000
22 0.712500 0.393750 0.187500 0.250000
18 0.407813 0.556250 0.187500 0.250000
29 0.282813 0.225000 0.187500 0.250000
28 0.136719 0.597656 0.187500 0.250000
