29 0.547656 0.201563 0.187500 0.250000
24 0.884375 0.858594 0.187500 0.250000
5 0.173437 0.432812 0.187500 0.250000
27 0.433594 0.532031 0.187500 0.250000
14 0.139063 0.852344 0.187500 0.250000
22 0.900781 0.221094 0.187500 0.250000
2 0.764844 0.600781 0.187500 0.250000
11 0.430469 0.782031 0.187500 0.250000
9 0.119531 0.125781 0.187500 0.250000
7 0.594531 0.601562 0.187500 0.250000
25 0.370312 0.293750 0.187500 0.250000
28 0.767188 0.341406 0.187500 0.250000
7 0.254688 0.635938 0.187500 0.250000
5 0.696875 0.857031 0.187500 0.250000
