1 0.800000 0.125000 0.187500 0.250000
19 0.321875 0.733594 0.187500 0.250000
16 0.778906 0.661719 0.187500 0.250000
26 0.330469 0.432031 0.187500 0.250000
9 0.285938 0.132031 0.187500 0.250000
1 0.863281 0.319531 0.187500 0.250000
11 0.559375 0.228906 0.187500 0.250000
30 0.850000 0.853906 0.187500 0.250000
17 0.694531 0.458594 0.187500 0.250000
8 0.664062 0.817969 0.187500 0.250000
23 0.537500 0.669531 0.187500 0.250000
16 0.140625 0.741406 0.187500 0.250000
24 0.099219 0.278125 0.187500 0.250000
