11 0.811719 0.257812 0.187500 0.250000
1 0.417187 0.698438 0.187500 0.250000
24 0.293750 0.236719 0.187500 0.250000
19 0.890625 0.697656 0.187500 0.250000
11 0.630469 0.349219 0.187500 0.250000
4 0.790625 0.520312 0.187500 0.250000
23 0.132812 0.771094 0.187500 0.250000
17 0.110937 0.248438 0.187500 0.250000
1 0.442188 0.314844 0.187500 0.250000
17 0.175781 0.457031 0.187500 0.250000
7 0.592969 0.867969 0.187500 0.250000
15 0.562500 0.609375 0.187500 0.250000
9 0.285938 0.820312 0.187500 0.250000
