7 0.864062 0.795312 0.187500 0.250000
10 0.518750 0.742188 0.187500 0.250000
30 0.200781 0.419531 0.187500 0.250000
21 0.665625 0.320312 0.187500 0.250000
21 0.885938 0.503906 0.187500 0.250000
17 0.356250 0.836719 0.187500 0.250000
4 0.881250 0.200000 0.187500 0.250000
5 0.253125 0.210938 0.187500 0.250000
3 0.706250 0.782813 0.187500 0.250000
19 0.313281 0.589844 0.187500 0.250000
17 0.449219 0.375000 0.187500 0.250000
27 0.203125 0.859375 0.187500 0.250000
20 0.104688 0.614062 0.187500 0.250000
