2 0.253125 0.216406 0.187500 0.250000
8 0.402344 0.871094 0.187500 0.250000
21 0.867969 0.539062 0.187500 0.250000
22 0.353125 0.678125 0.187500 0.250000
3 0.262500 0.492188 0.187500 0.250000
5 0.837500 0.305469 0.187500 0.250000
10 0.125781 0.621094 0.187500 0.250000
26 0.668750 0.504687 0.187500 0.250000
31 0.178125 0.823438 0.187500 0.250000
30 0.474219 0.193750 0.187500 0.250000
1 0.518750 0.389844 0.187500 0.250000
14 0.550781 0.770312 0.187500 0.250000
30 0.707812 0.787500 0.187500 0.250000
1 0.659375 0.288281 0.187500 0.250000
