32 0.601562 0.811719 0.187500 0.250000
25 0.902344 0.777344 0.187500 0.250000
8 0.288281 0.190625 0.187500 0.250000
12 0.654687 0.582031 0.187500 0.250000
6 0.426563 0.489063 0.187500 0.250000
15 0.586719 0.157812 0.187500 0.250000
31 0.231250 0.614062 0.187500 0.250000
0 0.420312 0.865625 0.187500 0.250000
15 0.095312 0.314063 0.187500 0.250000
18 0.094531 0.523438 0.187500 0.250000
26 0.846875 0.460938 0.187500 0.250000
0 0.653125 0.360156 0.187500 0.250000
24 0.844531 0.229687 0.187500 0.250000
23 0.204687 0.835938 0.187500 0.250000
