12 0.105469 0.210156 0.187500 0.250000
26 0.691406 0.367969 0.187500 0.250000
8 0.154688 0.509375 0.187500 0.250000
30 0.394531 0.203906 0.187500 0.250000
25 0.890625 0.435937 0.187500 0.250000
4 0.377344 0.516406 0.187500 0.250000
22 0.757812 0.710156 0.187500 0.250000
14 0.136719 0.729688 0.187500 0.250000
33 0.532813 0.494531 0.187500 0.250000
22 0.239844 0.329688 0.187500 0.250000
26 0.569531 0.703125 0.187500 0.250000
10 0.428906 0.864062 0.187500 0.250000
10 0.845313 0.245312 0.187500 0.250000
0 0.292969 0.757031 0.187500 0.250000
