8 0.424219 0.856250 0.187500 0.250000
32 0.860156 0.192969 0.187500 0.250000
10 0.762500 0.536719 0.187500 0.250000
17 0.205469 0.526563 0.187500 0.250000
8 0.521875 0.589844 0.187500 0.250000
20 0.617969 0.356250 0.187500 0.250000
27 0.116406 0.332813 0.187500 0.250000
32 0.404687 0.336719 0.187500 0.250000
16 0.231250 0.757031 0.187500 0.250000
31 0.189844 0.140625 0.187500 0.250000
30 0.583594 0.859375 0.187500 0.250000
28 0.889844 0.782031 0.187500 0.250000
17 0.673438 0.128906 0.187500 0.250000
30 0.470313 0.126562 0.187500 0.250000
