18 0.096094 0.780469 0.187500 0.250000
18 0.736719 0.610156 0.187500 0.250000
10 0.687500 0.800000 0.187500 0.250000
11 0.346875 0.728906 0.187500 0.250000
14 0.225781 0.342969 0.187500 0.250000
21 0.836719 0.406250 0.187500 0.250000
21 0.411719 0.509375 0.187500 0.250000
33 0.517969 0.740625 0.187500 0.250000
21 0.392188 0.217969 0.187500 0.250000
18 0.860156 0.746875 0.187500 0.250000
23 0.622656 0.185156 0.187500 0.250000
5 0.158594 0.595313 0.187500 0.250000
14 0.580469 0.535937 0.187500 0.250000
