2 0.894531 0.129688 0.187500 0.250000
20 0.529687 0.854688 0.187500 0.250000
26 0.808594 0.812500 0.187500 0.250000
31 0.575781 0.214844 0.187500 0.250000
4 0.303906 0.250000 0.187500 0.250000
19 0.403125 0.662500 0.187500 0.250000
25 0.867188 0.331250 0.187500 0.250000
1 0.214844 0.853125 0.187500 0.250000
12 0.498437 0.407813 0.187500 0.250000
18 0.100781 0.439063 0.187500 0.250000
2 0.622656 0.525000 0.187500 0.250000
20 0.305469 0.489844 0.187500 0.250000
10 0.809375 0.539844 0.187500 0.250000
8 0.128125 0.183594 0.187500 0.250000
