32 0.483594 0.435937 0.187500 0.250000
3 0.765625 0.678906 0.187500 0.250000
11 0.625781 0.167187 0.187500 0.250000
0 0.198437 0.198437 0.187500 0.250000
17 0.662500 0.432031 0.187500 0.250000
31 0.526563 0.715625 0.187500 0.250000
26 0.210156 0.460938 0.187500 0.250000
17 0.892188 0.498437 0.187500 0.250000
19 0.841406 0.874219 0.187500 0.250000
24 0.319531 0.773438 0.187500 0.250000
11 0.360156 0.260156 0.187500 0.250000
15 0.861719 0.193750 0.187500 0.250000
30 0.164062 0.861719 0.187500 0.250000
