32 0.465625 0.454688 0.187500 0.250000
21 0.216406 0.285938 0.187500 0.250000
17 0.340625 0.810937 0.187500 0.250000
9 0.854688 0.216406 0.187500 0.250000
23 0.532031 0.742969 0.187500 0.250000
17 0.652344 0.185938 0.187500 0.250000
3 0.747656 0.735938 0.187500 0.250000
19 0.706250 0.477344 0.187500 0.250000
26 0.171875 0.778906 0.187500 0.250000
21 0.407813 0.218750 0.187500 0.250000
22 0.117188 0.521875 0.187500 0.250000
33 0.306250 0.473438 0.187500 0.250000
22 0.881250 0.635938 0.187500 0.250000
