31 0.471094 0.633594 0.187500 0.250000
13 0.264844 0.720313 0.187500 0.250000
11 0.093750 0.620313 0.187500 0.250000
10 0.750781 0.358594 0.187500 0.250000
13 0.350781 0.228906 0.187500 0.250000
30 0.546875 0.851562 0.187500 0.250000
7 0.896875 0.797656 0.187500 0.250000
29 0.514062 0.157812 0.187500 0.250000
25 0.523438 0.373437 0.187500 0.250000
4 0.199219 0.201563 0.187500 0.250000
32 0.768750 0.686719 0.187500 0.250000
6 0.172656 0.441406 0.187500 0.250000
10 0.334375 0.435156 0.187500 0.250000
32 0.860156 0.197656 0.187500 0.250000
