32 0.839063 0.589063 0.187500 0.250000
1 0.672656 0.209375 0.187500 0.250000
27 0.150000 0.495312 0.187500 0.250000
3 0.335938 0.631250 0.187500 0.250000
18 0.159375 0.769531 0.187500 0.250000
27 0.449219 0.845313 0.187500 0.250000
13 0.620313 0.817969 0.187500 0.250000
7 0.114062 0.229687 0.187500 0.250000
23 0.903125 0.400000 0.187500 0.250000
7 0.439063 0.221875 0.187500 0.250000
33 0.467969 0.452344 0.187500 0.250000
31 0.646094 0.452344 0.187500 0.250000
20 0.778125 0.811719 0.187500 0.250000
30 0.308594 0.410156 0.187500 0.250000
