13 0.270313 0.437500 0.187500 0.250000
20 0.803125 0.804688 0.187500 0.250000
19 0.475781 0.125000 0.187500 0.250000
27 0.545312 0.664844 0.187500 0.250000
14 0.846094 0.344531 0.187500 0.250000
8 0.699219 0.488281 0.187500 0.250000
7 0.301563 0.754687 0.187500 0.250000
28 0.133594 0.217969 0.187500 0.250000
25 0.120313 0.792188 0.187500 0.250000
13 0.744531 0.139063 0.187500 0.250000
21 0.482812 0.453906 0.187500 0.250000
32 0.328906 0.239063 0.187500 0.250000
2 0.638281 0.851562 0.187500 0.250000
20 0.107031 0.489844 0.187500 0.250000
