3 0.541406 0.718750 0.187500 0.250000
11 0.889062 0.652344 0.187500 0.250000
5 0.316406 0.538281 0.187500 0.250000
15 0.437500 0.138281 0.187500 0.250000
6 0.644531 0.264062 0.187500 0.250000
24 0.167187 0.130469 0.187500 0.250000
25 0.164062 0.576562 0.187500 0.250000
2 0.685937 0.634375 0.187500 0.250000
28 0.872656 0.333594 0.187500 0.250000
25 0.303906 0.739844 0.187500 0.250000
33 0.226562 0.370312 0.187500 0.250000
18 0.514844 0.429688 0.187500 0.250000
8 0.764844 0.825781 0.187500 0.250000
