32 0.265625 0.304688 0.187500 0.250000
33 0.263281 0.542969 0.187500 0.250000
31 0.864062 0.570312 0.187500 0.250000
24 0.460938 0.478906 0.187500 0.250000
3 0.675000 0.441406 0.187500 0.250000
32 0.375781 0.785156 0.187500 0.250000
8 0.098437 0.239844 0.187500 0.250000
22 0.825781 0.295312 0.187500 0.250000
13 0.607812 0.721875 0.187500 0.250000
8 0.189844 0.823438 0.187500 0.250000
29 0.655469 0.187500 0.187500 0.250000
22 0.888281 0.785156 0.187500 0.250000
16 0.485156 0.207031 0.187500 0.250000
1 0.108594 0.446875 0.187500 0.250000
