27 0.502344 0.648438 0.187500 0.250000
23 0.846875 0.518750 0.187500 0.250000
26 0.722656 0.206250 0.187500 0.250000
8 0.393750 0.396094 0.187500 0.250000
9 0.106250 0.546094 0.187500 0.250000
1 0.478906 0.140625 0.187500 0.250000
16 0.675000 0.630469 0.187500 0.250000
3 0.481250 0.871875 0.187500 0.250000
30 0.752344 0.808594 0.187500 0.250000
26 0.330469 0.647656 0.187500 0.250000
8 0.267969 0.281250 0.187500 0.250000
8 0.639062 0.385156 0.187500 0.250000
3 0.161719 0.853906 0.187500 0.250000
6 0.898438 0.707812 0.187500 0.250000
