22 0.571094 0.675781 0.187500 0.250000
29 0.892188 0.460156 0.187500 0.250000
27 0.411719 0.302344 0.187500 0.250000
20 0.553125 0.442969 0.187500 0.250000
8 0.235937 0.246094 0.187500 0.250000
20 0.288281 0.670312 0.187500 0.250000
22 0.825781 0.127344 0.187500 0.250000
29 0.817969 0.796875 0.187500 0.250000
10 0.644531 0.125781 0.187500 0.250000
17 0.435156 0.777344 0.187500 0.250000
14 0.158594 0.785156 0.187500 0.250000
29 0.703906 0.497656 0.187500 0.250000
21 0.093750 0.514844 0.187500 0.250000
21 0.093750 0.309375 0.187500 0.250000
