9 0.823438 0.164062 0.187500 0.250000
6 0.557813 0.506250 0.187500 0.250000
17 0.441406 0.168750 0.187500 0.250000
20 0.160938 0.794531 0.187500 0.250000
8 0.528906 0.738281 0.187500 0.250000
25 0.856250 0.858594 0.187500 0.250000
17 0.906250 0.614844 0.187500 0.250000
11 0.257031 0.427344 0.187500 0.250000
3 0.650781 0.252344 0.187500 0.250000
26 0.734375 0.619531 0.187500 0.250000
18 0.360938 0.722656 0.187500 0.250000
26 0.095312 0.358594 0.187500 0.250000
16 0.284375 0.169531 0.187500 0.250000
24 0.796094 0.429688 0.187500 0.250000
