25 0.577344 0.653906 0.187500 0.250000
13 0.409375 0.553906 0.187500 0.250000
27 0.219531 0.599219 0.187500 0.250000
33 0.143750 0.803125 0.187500 0.250000
2 0.660156 0.366406 0.187500 0.250000
26 0.889062 0.239063 0.187500 0.250000
16 0.879687 0.603125 0.187500 0.250000
12 0.251563 0.200781 0.187500 0.250000
25 0.471094 0.242969 0.187500 0.250000
6 0.403125 0.842969 0.187500 0.250000
26 0.656250 0.832031 0.187500 0.250000
32 0.828125 0.827344 0.187500 0.250000
20 0.732812 0.178906 0.187500 0.250000
19 0.160156 0.404687 0.187500 0.250000
