16 0.906250 0.189062 0.187500 0.250000
6 0.139063 0.257812 0.187500 0.250000
14 0.535937 0.269531 0.187500 0.250000
14 0.686719 0.292969 0.187500 0.250000
9 0.234375 0.551562 0.187500 0.250000
7 0.520312 0.725000 0.187500 0.250000
6 0.131250 0.710938 0.187500 0.250000
29 0.360938 0.834375 0.187500 0.250000
4 0.783594 0.587500 0.187500 0.250000
25 0.381250 0.484375 0.187500 0.250000
9 0.694531 0.812500 0.187500 0.250000
15 0.388281 0.152344 0.187500 0.250000
9 0.841406 0.864844 0.187500 0.250000
