4 0.498437 0.564063 0.187500 0.250000
23 0.828906 0.434375 0.187500 0.250000
7 0.164844 0.620313 0.187500 0.250000
7 0.646875 0.678906 0.187500 0.250000
1 0.528125 0.185156 0.187500 0.250000
14 0.336719 0.444531 0.187500 0.250000
33 0.861719 0.693750 0.187500 0.250000
26 0.507812 0.770312 0.187500 0.250000
1 0.335938 0.755469 0.187500 0.250000
20 0.809375 0.175000 0.187500 0.250000
31 0.154688 0.831250 0.187500 0.250000
23 0.228125 0.137500 0.187500 0.250000
4 0.123438 0.330469 0.187500 0.250000
