18 0.592187 0.752344 0.187500 0.250000
15 0.444531 0.347656 0.187500 0.250000
14 0.896094 0.683594 0.187500 0.250000
22 0.856250 0.476562 0.187500 0.250000
14 0.128125 0.265625 0.187500 0.250000
9 0.794531 0.227344 0.187500 0.250000
23 0.535937 0.167187 0.187500 0.250000
9 0.328125 0.488281 0.187500 0.250000
29 0.687500 0.505469 0.187500 0.250000
6 0.155469 0.504687 0.187500 0.250000
21 0.094531 0.865625 0.187500 0.250000
7 0.360156 0.846094 0.187500 0.250000
1 0.525781 0.571875 0.187500 0.250000
8 0.764844 0.866406 0.187500 0.250000
