15 0.885938 0.215625 0.187500 0.250000
27 0.764062 0.642188 0.187500 0.250000
16 0.335156 0.451562 0.187500 0.250000
18 0.264062 0.157812 0.187500 0.250000
13 0.210938 0.753906 0.187500 0.250000
24 0.580469 0.459375 0.187500 0.250000
11 0.409375 0.817187 0.187500 0.250000
10 0.490625 0.247656 0.187500 0.250000
32 0.721875 0.277344 0.187500 0.250000
29 0.158594 0.493750 0.187500 0.250000
17 0.632031 0.789062 0.187500 0.250000
6 0.858594 0.477344 0.187500 0.250000
10 0.519531 0.644531 0.187500 0.250000
