9 0.535156 0.801562 0.187500 0.250000
13 0.417187 0.471094 0.187500 0.250000
11 0.167969 0.630469 0.187500 0.250000
18 0.657031 0.471094 0.187500 0.250000
6 0.217969 0.240625 0.187500 0.250000
20 0.341406 0.867188 0.187500 0.250000
30 0.862500 0.612500 0.187500 0.250000
19 0.889844 0.175000 0.187500 0.250000
3 0.637500 0.214062 0.187500 0.250000
15 0.401562 0.242969 0.187500 0.250000
2 0.696094 0.832812 0.187500 0.250000
26 0.850781 0.855469 0.187500 0.250000
14 0.123438 0.425781 0.187500 0.250000
