6 0.353125 0.302344 0.187500 0.250000
26 0.808594 0.850000 0.187500 0.250000
2 0.332031 0.650000 0.187500 0.250000
19 0.521094 0.340625 0.187500 0.250000
24 0.810937 0.182812 0.187500 0.250000
31 0.653125 0.577344 0.187500 0.250000
9 0.850781 0.488281 0.187500 0.250000
29 0.213281 0.131250 0.187500 0.250000
25 0.634375 0.838281 0.187500 0.250000
11 0.134375 0.399219 0.187500 0.250000
8 0.391406 0.864062 0.187500 0.250000
3 0.502344 0.707031 0.187500 0.250000
5 0.714844 0.346094 0.187500 0.250000
