25 0.306250 0.232031 0.187500 0.250000
6 0.567187 0.404687 0.187500 0.250000
23 0.790625 0.506250 0.187500 0.250000
8 0.846094 0.773438 0.187500 0.250000
10 0.607812 0.710156 0.187500 0.250000
32 0.688281 0.253125 0.187500 0.250000
1 0.357812 0.700000 0.187500 0.250000
5 0.153125 0.490625 0.187500 0.250000
12 0.111719 0.767188 0.187500 0.250000
29 0.896875 0.164062 0.187500 0.250000
26 0.381250 0.423438 0.187500 0.250000
2 0.457813 0.868750 0.187500 0.250000
3 0.144531 0.209375 0.187500 0.250000
