25 0.424219 0.690625 0.187500 0.250000
10 0.878906 0.655469 0.187500 0.250000
33 0.489063 0.495312 0.187500 0.250000
26 0.514844 0.863281 0.187500 0.250000
22 0.896094 0.170313 0.187500 0.250000
26 0.107031 0.217188 0.187500 0.250000
11 0.573438 0.302344 0.187500 0.250000
27 0.282813 0.832812 0.187500 0.250000
0 0.270313 0.196094 0.187500 0.250000
24 0.100781 0.723437 0.187500 0.250000
15 0.254688 0.617188 0.187500 0.250000
30 0.839844 0.381250 0.187500 0.250000
6 0.850000 0.853906 0.187500 0.250000
13 0.453906 0.177344 0.187500 0.250000
