30 0.867188 0.414062 0.187500 0.250000
16 0.550000 0.731250 0.187500 0.250000
3 0.119531 0.456250 0.187500 0.250000
11 0.877344 0.757812 0.187500 0.250000
17 0.269531 0.823438 0.187500 0.250000
31 0.749219 0.603906 0.187500 0.250000
14 0.436719 0.387500 0.187500 0.250000
9 0.750781 0.875000 0.187500 0.250000
33 0.686719 0.414844 0.187500 0.250000
0 0.096875 0.873437 0.187500 0.250000
7 0.167969 0.140625 0.187500 0.250000
9 0.322656 0.595313 0.187500 0.250000
22 0.634375 0.198437 0.187500 0.250000
6 0.822656 0.136719 0.187500 0.250000
