2 0.236719 0.259375 0.187500 0.250000
9 0.677344 0.800000 0.187500 0.250000
24 0.396094 0.282031 0.187500 0.250000
11 0.690625 0.434375 0.187500 0.250000
18 0.422656 0.496094 0.187500 0.250000
21 0.844531 0.792188 0.187500 0.250000
4 0.172656 0.865625 0.187500 0.250000
3 0.872656 0.464844 0.187500 0.250000
7 0.792188 0.273438 0.187500 0.250000
17 0.589844 0.178125 0.187500 0.250000
33 0.203906 0.513281 0.187500 0.250000
19 0.605469 0.610938 0.187500 0.250000
3 0.313281 0.698438 0.187500 0.250000
16 0.466406 0.783594 0.187500 0.250000
