2 0.404687 0.452344 0.187500 0.250000
24 0.667188 0.658594 0.187500 0.250000
28 0.479687 0.750000 0.187500 0.250000
30 0.734375 0.281250 0.187500 0.250000
5 0.203906 0.846094 0.187500 0.250000
4 0.868750 0.157812 0.187500 0.250000
26 0.122656 0.266406 0.187500 0.250000
22 0.301563 0.619531 0.187500 0.250000
27 0.867969 0.373437 0.187500 0.250000
13 0.116406 0.567187 0.187500 0.250000
10 0.564063 0.377344 0.187500 0.250000
22 0.474219 0.146094 0.187500 0.250000
20 0.867188 0.817969 0.187500 0.250000
19 0.859375 0.613281 0.187500 0.250000
