4 0.532813 0.434375 0.187500 0.250000
30 0.800781 0.830469 0.187500 0.250000
20 0.728125 0.482031 0.187500 0.250000
14 0.339062 0.161719 0.187500 0.250000
17 0.292969 0.482812 0.187500 0.250000
5 0.134375 0.827344 0.187500 0.250000
8 0.482812 0.657031 0.187500 0.250000
23 0.846094 0.244531 0.187500 0.250000
2 0.650781 0.138281 0.187500 0.250000
26 0.333594 0.787500 0.187500 0.250000
9 0.170313 0.162500 0.187500 0.250000
20 0.882812 0.459375 0.187500 0.250000
32 0.116406 0.367188 0.187500 0.250000
22 0.480469 0.234375 0.187500 0.250000
