1 0.470313 0.676562 0.187500 0.250000
13 0.289844 0.731250 0.187500 0.250000
25 0.544531 0.178906 0.187500 0.250000
15 0.314063 0.139844 0.187500 0.250000
2 0.846875 0.187500 0.187500 0.250000
26 0.658594 0.805469 0.187500 0.250000
17 0.724219 0.424219 0.187500 0.250000
31 0.834375 0.839844 0.187500 0.250000
10 0.364844 0.427344 0.187500 0.250000
23 0.157812 0.215625 0.187500 0.250000
4 0.879687 0.428906 0.187500 0.250000
19 0.525000 0.461719 0.187500 0.250000
9 0.192969 0.530469 0.187500 0.250000
15 0.143750 0.875000 0.187500 0.250000
