30 0.585938 0.530469 0.187500 0.250000
19 0.850781 0.846875 0.187500 0.250000
18 0.822656 0.169531 0.187500 0.250000
17 0.152344 0.628906 0.187500 0.250000
25 0.670312 0.267188 0.187500 0.250000
4 0.118750 0.413281 0.187500 0.250000
3 0.237500 0.167969 0.187500 0.250000
27 0.421094 0.843750 0.187500 0.250000
20 0.759375 0.639062 0.187500 0.250000
13 0.451562 0.381250 0.187500 0.250000
30 0.656250 0.835938 0.187500 0.250000
1 0.531250 0.132031 0.187500 0.250000
8 0.884375 0.428906 0.187500 0.250000
13 0.337500 0.640625 0.187500 0.250000
