27 0.706250 0.125000 0.187500 0.250000
7 0.603125 0.789844 0.187500 0.250000
11 0.123438 0.489844 0.187500 0.250000
28 0.390625 0.808594 0.187500 0.250000
13 0.391406 0.284375 0.187500 0.250000
2 0.847656 0.741406 0.187500 0.250000
23 0.536719 0.426563 0.187500 0.250000
0 0.314063 0.569531 0.187500 0.250000
12 0.178125 0.743750 0.187500 0.250000
0 0.817187 0.482812 0.187500 0.250000
3 0.102344 0.193750 0.187500 0.250000
23 0.292969 0.128125 0.187500 0.250000
9 0.846094 0.251563 0.187500 0.250000
