2 0.685937 0.405469 0.187500 0.250000
4 0.696094 0.196094 0.187500 0.250000
32 0.514844 0.392969 0.187500 0.250000
26 0.139844 0.250000 0.187500 0.250000
2 0.177344 0.539062 0.187500 0.250000
29 0.691406 0.657813 0.187500 0.250000
18 0.308594 0.183594 0.187500 0.250000
30 0.525000 0.610156 0.187500 0.250000
27 0.865625 0.658594 0.187500 0.250000
15 0.329688 0.667188 0.187500 0.250000
29 0.511719 0.841406 0.187500 0.250000
4 0.108594 0.835938 0.187500 0.250000
14 0.481250 0.191406 0.187500 0.250000
18 0.879687 0.337500 0.187500 0.250000
