6 0.270313 0.600781 0.187500 0.250000
12 0.892188 0.842187 0.187500 0.250000
2 0.703906 0.809375 0.187500 0.250000
4 0.128906 0.407813 0.187500 0.250000
22 0.529687 0.393750 0.187500 0.250000
25 0.289062 0.246094 0.187500 0.250000
14 0.728906 0.506250 0.187500 0.250000
14 0.747656 0.138281 0.187500 0.250000
28 0.167187 0.850000 0.187500 0.250000
23 0.497656 0.814063 0.187500 0.250000
16 0.380469 0.440625 0.187500 0.250000
17 0.606250 0.641406 0.187500 0.250000
14 0.543750 0.173437 0.187500 0.250000
22 0.871094 0.383594 0.187500 0.250000
