19 0.095312 0.713281 0.187500 0.250000
1 0.846875 0.861719 0.187500 0.250000
16 0.271875 0.587500 0.187500 0.250000
10 0.387500 0.240625 0.187500 0.250000
23 0.443750 0.551562 0.187500 0.250000
16 0.269531 0.805469 0.187500 0.250000
25 0.794531 0.576562 0.187500 0.250000
8 0.606250 0.418750 0.187500 0.250000
0 0.846875 0.343750 0.187500 0.250000
3 0.708594 0.747656 0.187500 0.250000
25 0.478125 0.809375 0.187500 0.250000
24 0.099219 0.427344 0.187500 0.250000
20 0.125000 0.225000 0.187500 0.250000
0 0.547656 0.158594 0.187500 0.250000
