29 0.596094 0.675000 0.187500 0.250000
2 0.855469 0.582031 0.187500 0.250000
6 0.278125 0.205469 0.187500 0.250000
12 0.703906 0.475781 0.187500 0.250000
28 0.289062 0.748437 0.187500 0.250000
14 0.571875 0.282813 0.187500 0.250000
11 0.442969 0.405469 0.187500 0.250000
11 0.292187 0.475781 0.187500 0.250000
15 0.850000 0.325781 0.187500 0.250000
18 0.496875 0.863281 0.187500 0.250000
14 0.154688 0.844531 0.187500 0.250000
0 0.896875 0.814063 0.187500 0.250000
28 0.717969 0.192969 0.187500 0.250000
10 0.425000 0.125781 0.187500 0.250000
