7 0.189844 0.209375 0.187500 0.250000
13 0.546875 0.542188 0.187500 0.250000
30 0.798438 0.732812 0.187500 0.250000
18 0.660937 0.223438 0.187500 0.250000
23 0.313281 0.828125 0.187500 0.250000
26 0.175781 0.651563 0.187500 0.250000
17 0.808594 0.471094 0.187500 0.250000
19 0.150000 0.452344 0.187500 0.250000
15 0.361719 0.281250 0.187500 0.250000
2 0.582812 0.747656 0.187500 0.250000
24 0.357812 0.598437 0.187500 0.250000
5 0.882031 0.262500 0.187500 0.250000
2 0.508594 0.178906 0.187500 0.250000
25 0.102344 0.831250 0.187500 0.250000
