18 0.567969 0.650000 0.187500 0.250000
11 0.453906 0.288281 0.187500 0.250000
8 0.203906 0.192969 0.187500 0.250000
15 0.671875 0.447656 0.187500 0.250000
20 0.707812 0.801562 0.187500 0.250000
12 0.233594 0.514844 0.187500 0.250000
2 0.572656 0.135937 0.187500 0.250000
10 0.239844 0.730469 0.187500 0.250000
10 0.400781 0.673438 0.187500 0.250000
29 0.492188 0.866406 0.187500 0.250000
30 0.889062 0.588281 0.187500 0.250000
3 0.738281 0.213281 0.187500 0.250000
28 0.887500 0.355469 0.187500 0.250000
14 0.104688 0.865625 0.187500 0.250000
