29 0.587500 0.803125 0.187500 0.250000
27 0.182812 0.506250 0.187500 0.250000
24 0.189844 0.171875 0.187500 0.250000
24 0.747656 0.557813 0.187500 0.250000
30 0.808594 0.850000 0.187500 0.250000
5 0.896094 0.489844 0.187500 0.250000
15 0.825781 0.281250 0.187500 0.250000
26 0.138281 0.775000 0.187500 0.250000
6 0.568750 0.245312 0.187500 0.250000
0 0.382031 0.838281 0.187500 0.250000
22 0.422656 0.460156 0.187500 0.250000
28 0.353906 0.180469 0.187500 0.250000
23 0.576562 0.475781 0.187500 0.250000
