3 0.425000 0.283594 0.187500 0.250000
17 0.623437 0.421094 0.187500 0.250000
15 0.727344 0.250781 0.187500 0.250000
31 0.109375 0.808594 0.187500 0.250000
5 0.392969 0.828125 0.187500 0.250000
10 0.200000 0.403906 0.187500 0.250000
16 0.490625 0.521875 0.187500 0.250000
9 0.687500 0.855469 0.187500 0.250000
0 0.864062 0.668750 0.187500 0.250000
19 0.882031 0.400781 0.187500 0.250000
4 0.152344 0.142969 0.187500 0.250000
16 0.260937 0.653906 0.187500 0.250000
12 0.869531 0.152344 0.187500 0.250000
