24 0.439844 0.745313 0.187500 0.250000
29 0.601562 0.457031 0.187500 0.250000
2 0.802344 0.585156 0.187500 0.250000
2 0.353906 0.259375 0.187500 0.250000
22 0.229687 0.658594 0.187500 0.250000
24 0.158594 0.243750 0.187500 0.250000
0 0.603906 0.204687 0.187500 0.250000
11 0.608594 0.872656 0.187500 0.250000
33 0.784375 0.375781 0.187500 0.250000
8 0.328906 0.476562 0.187500 0.250000
0 0.898438 0.751563 0.187500 0.250000
1 0.103125 0.526563 0.187500 0.250000
31 0.878125 0.175781 0.187500 0.250000
