28 0.756250 0.678125 0.187500 0.250000
13 0.545312 0.372656 0.187500 0.250000
30 0.748437 0.460938 0.187500 0.250000
15 0.282031 0.692187 0.187500 0.250000
3 0.785937 0.266406 0.187500 0.250000
17 0.573438 0.651563 0.187500 0.250000
9 0.189062 0.200781 0.187500 0.250000
1 0.128125 0.722656 0.187500 0.250000
6 0.526563 0.163281 0.187500 0.250000
20 0.389062 0.439063 0.187500 0.250000
4 0.442969 0.778906 0.187500 0.250000
17 0.118750 0.417969 0.187500 0.250000
4 0.332031 0.125000 0.187500 0.250000
