27 0.155469 0.510156 0.187500 0.250000
27 0.319531 0.697656 0.187500 0.250000
6 0.754687 0.698438 0.187500 0.250000
9 0.625781 0.162500 0.187500 0.250000
2 0.257812 0.193750 0.187500 0.250000
32 0.768750 0.368750 0.187500 0.250000
0 0.449219 0.585938 0.187500 0.250000
15 0.470313 0.254688 0.187500 0.250000
16 0.443750 0.875000 0.187500 0.250000
31 0.894531 0.848437 0.187500 0.250000
26 0.613281 0.575781 0.187500 0.250000
15 0.101562 0.243750 0.187500 0.250000
27 0.181250 0.815625 0.187500 0.250000
17 0.794531 0.167969 0.187500 0.250000
