14 0.405469 0.696875 0.187500 0.250000
25 0.675781 0.753906 0.187500 0.250000
15 0.365625 0.426563 0.187500 0.250000
17 0.557031 0.606250 0.187500 0.250000
24 0.234375 0.864062 0.187500 0.250000
3 0.621875 0.276562 0.187500 0.250000
23 0.164844 0.137500 0.187500 0.250000
26 0.786719 0.450000 0.187500 0.250000
26 0.810156 0.846875 0.187500 0.250000
5 0.464844 0.196875 0.187500 0.250000
2 0.775000 0.234375 0.187500 0.250000
1 0.119531 0.346094 0.187500 0.250000
25 0.214062 0.589063 0.187500 0.250000
