27 0.294531 0.138281 0.187500 0.250000
26 0.696875 0.816406 0.187500 0.250000
14 0.138281 0.500000 0.187500 0.250000
4 0.535937 0.164062 0.187500 0.250000
0 0.289062 0.428906 0.187500 0.250000
26 0.790625 0.171875 0.187500 0.250000
9 0.439063 0.489844 0.187500 0.250000
20 0.340625 0.825781 0.187500 0.250000
5 0.721875 0.364844 0.187500 0.250000
2 0.764062 0.601562 0.187500 0.250000
10 0.575000 0.639062 0.187500 0.250000
25 0.871875 0.750000 0.187500 0.250000
21 0.107813 0.167969 0.187500 0.250000
0 0.152344 0.716406 0.187500 0.250000
