3 0.530469 0.755469 0.187500 0.250000
6 0.868750 0.837500 0.187500 0.250000
20 0.813281 0.221875 0.187500 0.250000
7 0.600000 0.195312 0.187500 0.250000
28 0.264062 0.206250 0.187500 0.250000
25 0.167187 0.821875 0.187500 0.250000
11 0.671094 0.680469 0.187500 0.250000
27 0.328906 0.439063 0.187500 0.250000
25 0.100000 0.297656 0.187500 0.250000
33 0.671875 0.375781 0.187500 0.250000
4 0.205469 0.621875 0.187500 0.250000
12 0.892188 0.420312 0.187500 0.250000
12 0.415625 0.162500 0.187500 0.250000
3 0.475781 0.382812 0.187500 0.250000
