27 0.611719 0.636719 0.187500 0.250000
16 0.727344 0.279687 0.187500 0.250000
6 0.244531 0.196875 0.187500 0.250000
0 0.192969 0.476562 0.187500 0.250000
33 0.407031 0.740625 0.187500 0.250000
19 0.271875 0.866406 0.187500 0.250000
14 0.829688 0.487500 0.187500 0.250000
9 0.558594 0.425781 0.187500 0.250000
11 0.362500 0.516406 0.187500 0.250000
23 0.902344 0.261719 0.187500 0.250000
5 0.634375 0.864062 0.187500 0.250000
23 0.560937 0.132031 0.187500 0.250000
21 0.789062 0.810937 0.187500 0.250000
13 0.108594 0.300781 0.187500 0.250000
