15 0.403906 0.147656 0.187500 0.250000
22 0.860938 0.381250 0.187500 0.250000
12 0.629687 0.520312 0.187500 0.250000
13 0.335156 0.756250 0.187500 0.250000
3 0.128125 0.285938 0.187500 0.250000
2 0.309375 0.475000 0.187500 0.250000
6 0.492969 0.751563 0.187500 0.250000
16 0.837500 0.753906 0.187500 0.250000
20 0.460938 0.347656 0.187500 0.250000
12 0.684375 0.711719 0.187500 0.250000
31 0.632031 0.192969 0.187500 0.250000
30 0.174219 0.725781 0.187500 0.250000
3 0.157031 0.507812 0.187500 0.250000
