16 0.634375 0.507812 0.187500 0.250000
9 0.610156 0.835938 0.187500 0.250000
1 0.107031 0.289844 0.187500 0.250000
14 0.503125 0.203125 0.187500 0.250000
3 0.366406 0.864062 0.187500 0.250000
4 0.330469 0.442188 0.187500 0.250000
22 0.767969 0.392188 0.187500 0.250000
7 0.856250 0.840625 0.187500 0.250000
5 0.308594 0.666406 0.187500 0.250000
4 0.275781 0.192969 0.187500 0.250000
12 0.495312 0.610156 0.187500 0.250000
16 0.821094 0.164062 0.187500 0.250000
26 0.148438 0.632812 0.187500 0.250000
19 0.864844 0.626563 0.187500 0.250000
