8 0.274219 0.384375 0.187500 0.250000
26 0.432031 0.198437 0.187500 0.250000
23 0.589844 0.763281 0.187500 0.250000
26 0.241406 0.798438 0.187500 0.250000
26 0.645312 0.275000 0.187500 0.250000
16 0.866406 0.811719 0.187500 0.250000
23 0.425781 0.675781 0.187500 0.250000
0 0.703125 0.520312 0.187500 0.250000
21 0.893750 0.371094 0.187500 0.250000
17 0.464844 0.414062 0.187500 0.250000
5 0.173437 0.568750 0.187500 0.250000
1 0.107031 0.213281 0.187500 0.250000
19 0.757812 0.135156 0.187500 0.250000
