3 0.351562 0.623437 0.187500 0.250000
9 0.813281 0.753906 0.187500 0.250000
32 0.560156 0.425781 0.187500 0.250000
21 0.117969 0.841406 0.187500 0.250000
8 0.856250 0.307031 0.187500 0.250000
7 0.658594 0.260937 0.187500 0.250000
10 0.198437 0.365625 0.187500 0.250000
11 0.471875 0.208594 0.187500 0.250000
29 0.558594 0.749219 0.187500 0.250000
24 0.195312 0.650000 0.187500 0.250000
29 0.896875 0.500000 0.187500 0.250000
23 0.289844 0.832812 0.187500 0.250000
24 0.121094 0.192188 0.187500 0.250000
