9 0.732031 0.340625 0.187500 0.250000
25 0.564844 0.655469 0.187500 0.250000
12 0.097656 0.653125 0.187500 0.250000
9 0.167969 0.263281 0.187500 0.250000
20 0.496094 0.133594 0.187500 0.250000
5 0.314063 0.378125 0.187500 0.250000
1 0.857812 0.728906 0.187500 0.250000
20 0.363281 0.717969 0.187500 0.250000
26 0.697656 0.846094 0.187500 0.250000
27 0.557031 0.421875 0.187500 0.250000
0 0.860156 0.129688 0.187500 0.250000
13 0.235937 0.553906 0.187500 0.250000
32 0.902344 0.479687 0.187500 0.250000
32 0.694531 0.144531 0.187500 0.250000
