17 0.231250 0.842969 0.187500 0.250000
21 0.347656 0.657031 0.187500 0.250000
10 0.800781 0.432812 0.187500 0.250000
31 0.580469 0.612500 0.187500 0.250000
16 0.557813 0.154688 0.187500 0.250000
31 0.710156 0.164844 0.187500 0.250000
27 0.396875 0.189844 0.187500 0.250000
20 0.740625 0.753125 0.187500 0.250000
17 0.106250 0.667969 0.187500 0.250000
12 0.109375 0.148438 0.187500 0.250000
1 0.442188 0.428125 0.187500 0.250000
4 0.238281 0.478125 0.187500 0.250000
4 0.485156 0.800000 0.187500 0.250000
13 0.882031 0.837500 0.187500 0.250000
