18 0.602344 0.549219 0.187500 0.250000
19 0.118750 0.836719 0.187500 0.250000
26 0.464062 0.237500 0.187500 0.250000
3 0.471875 0.766406 0.187500 0.250000
30 0.811719 0.445312 0.187500 0.250000
5 0.235937 0.705469 0.187500 0.250000
11 0.424219 0.574219 0.187500 0.250000
12 0.904687 0.822656 0.187500 0.250000
12 0.101562 0.510938 0.187500 0.250000
31 0.150781 0.310937 0.187500 0.250000
3 0.704688 0.750781 0.187500 0.250000
8 0.271875 0.494531 0.187500 0.250000
15 0.656250 0.192969 0.187500 0.250000
0 0.213281 0.127344 0.187500 0.250000
