21 0.510156 0.303906 0.187500 0.250000
8 0.749219 0.712500 0.187500 0.250000
13 0.823438 0.160156 0.187500 0.250000
23 0.263281 0.575000 0.187500 0.250000
1 0.378906 0.751563 0.187500 0.250000
26 0.890625 0.846875 0.187500 0.250000
6 0.168750 0.320312 0.187500 0.250000
4 0.143750 0.764844 0.187500 0.250000
10 0.767188 0.424219 0.187500 0.250000
16 0.660937 0.153906 0.187500 0.250000
14 0.096875 0.518750 0.187500 0.250000
12 0.578125 0.624219 0.187500 0.250000
16 0.379688 0.434375 0.187500 0.250000
13 0.572656 0.855469 0.187500 0.250000
