2 0.610938 0.468750 0.187500 0.250000
31 0.626563 0.132031 0.187500 0.250000
3 0.478125 0.360938 0.187500 0.250000
18 0.241406 0.410156 0.187500 0.250000
26 0.132031 0.609375 0.187500 0.250000
30 0.835938 0.186719 0.187500 0.250000
4 0.367969 0.166406 0.187500 0.250000
17 0.778125 0.464062 0.187500 0.250000
20 0.745313 0.738281 0.187500 0.250000
6 0.110937 0.866406 0.187500 0.250000
14 0.405469 0.582812 0.187500 0.250000
9 0.587500 0.674219 0.187500 0.250000
18 0.273438 0.798438 0.187500 0.250000
14 0.128906 0.234375 0.187500 0.250000
