16 0.321094 0.616406 0.187500 0.250000
16 0.714844 0.739062 0.187500 0.250000
30 0.140625 0.528125 0.187500 0.250000
5 0.764844 0.510156 0.187500 0.250000
0 0.542188 0.567187 0.187500 0.250000
27 0.406250 0.448437 0.187500 0.250000
11 0.447656 0.165625 0.187500 0.250000
8 0.528906 0.820312 0.187500 0.250000
20 0.294531 0.280469 0.187500 0.250000
12 0.594531 0.334375 0.187500 0.250000
26 0.870313 0.178125 0.187500 0.250000
5 0.230469 0.842969 0.187500 0.250000
2 0.882031 0.867188 0.187500 0.250000
6 0.710156 0.190625 0.187500 0.250000
