8 0.300000 0.497656 0.187500 0.250000
33 0.481250 0.700781 0.187500 0.250000
3 0.703125 0.717187 0.187500 0.250000
22 0.393750 0.288281 0.187500 0.250000
20 0.510156 0.440625 0.187500 0.250000
18 0.833594 0.601562 0.187500 0.250000
6 0.196875 0.746875 0.187500 0.250000
2 0.371094 0.870313 0.187500 0.250000
17 0.102344 0.157031 0.187500 0.250000
5 0.862500 0.242188 0.187500 0.250000
15 0.646875 0.257031 0.187500 0.250000
13 0.134375 0.514062 0.187500 0.250000
29 0.695312 0.469531 0.187500 0.250000
