20 0.169531 0.354687 0.187500 0.250000
30 0.664844 0.255469 0.187500 0.250000
16 0.821875 0.528906 0.187500 0.250000
29 0.883594 0.271875 0.187500 0.250000
0 0.789062 0.764844 0.187500 0.250000
25 0.504687 0.704688 0.187500 0.250000
33 0.382031 0.296875 0.187500 0.250000
22 0.386719 0.536719 0.187500 0.250000
26 0.146875 0.131250 0.187500 0.250000
8 0.284375 0.847656 0.187500 0.250000
32 0.610938 0.460938 0.187500 0.250000
2 0.168750 0.671875 0.187500 0.250000
12 0.634375 0.866406 0.187500 0.250000
