25 0.790625 0.491406 0.187500 0.250000
18 0.454688 0.393750 0.187500 0.250000
9 0.746094 0.135156 0.187500 0.250000
31 0.457031 0.853906 0.187500 0.250000
19 0.839844 0.832812 0.187500 0.250000
33 0.648438 0.715625 0.187500 0.250000
13 0.125781 0.510156 0.187500 0.250000
12 0.248438 0.859375 0.187500 0.250000
18 0.659375 0.346094 0.187500 0.250000
19 0.365625 0.156250 0.187500 0.250000
10 0.159375 0.142187 0.187500 0.250000
1 0.878125 0.234375 0.187500 0.250000
27 0.257812 0.352344 0.187500 0.250000
18 0.447656 0.627344 0.187500 0.250000
