4 0.507812 0.617969 0.187500 0.250000
18 0.234375 0.405469 0.187500 0.250000
28 0.371875 0.721094 0.187500 0.250000
21 0.655469 0.815625 0.187500 0.250000
18 0.824219 0.778906 0.187500 0.250000
19 0.099219 0.250000 0.187500 0.250000
12 0.531250 0.198437 0.187500 0.250000
17 0.860938 0.288281 0.187500 0.250000
7 0.691406 0.594531 0.187500 0.250000
21 0.212500 0.645312 0.187500 0.250000
24 0.372656 0.147656 0.187500 0.250000
19 0.667969 0.372656 0.187500 0.250000
7 0.429688 0.390625 0.187500 0.250000
