29 0.765625 0.274219 0.187500 0.250000
7 0.360156 0.126562 0.187500 0.250000
16 0.655469 0.460938 0.187500 0.250000
30 0.099219 0.670312 0.187500 0.250000
14 0.839063 0.651563 0.187500 0.250000
11 0.544531 0.795312 0.187500 0.250000
1 0.242188 0.509375 0.187500 0.250000
2 0.308594 0.746094 0.187500 0.250000
5 0.477344 0.422656 0.187500 0.250000
13 0.157812 0.230469 0.187500 0.250000
1 0.721875 0.798438 0.187500 0.250000
18 0.574219 0.174219 0.187500 0.250000
28 0.891406 0.460938 0.187500 0.250000
