33 0.156250 0.429688 0.187500 0.250000
21 0.741406 0.432031 0.187500 0.250000
24 0.660156 0.733594 0.187500 0.250000
32 0.373437 0.355469 0.187500 0.250000
17 0.564844 0.406250 0.187500 0.250000
4 0.281250 0.725781 0.187500 0.250000
33 0.794531 0.196875 0.187500 0.250000
22 0.610156 0.192969 0.187500 0.250000
14 0.117188 0.721875 0.187500 0.250000
21 0.460156 0.855469 0.187500 0.250000
11 0.196875 0.139063 0.187500 0.250000
13 0.823438 0.657031 0.187500 0.250000
8 0.455469 0.574219 0.187500 0.250000
9 0.889844 0.864844 0.187500 0.250000
