26 0.280469 0.535937 0.187500 0.250000
26 0.871094 0.510156 0.187500 0.250000
15 0.730469 0.822656 0.187500 0.250000
31 0.232813 0.339844 0.187500 0.250000
8 0.898438 0.310156 0.187500 0.250000
27 0.496094 0.173437 0.187500 0.250000
5 0.180469 0.756250 0.187500 0.250000
26 0.627344 0.607812 0.187500 0.250000
25 0.698438 0.228125 0.187500 0.250000
9 0.446875 0.805469 0.187500 0.250000
28 0.585156 0.408594 0.187500 0.250000
0 0.867969 0.742969 0.187500 0.250000
21 0.190625 0.132812 0.187500 0.250000
