32 0.549219 0.216406 0.187500 0.250000
29 0.392969 0.659375 0.187500 0.250000
15 0.142187 0.225000 0.187500 0.250000
33 0.098437 0.416406 0.187500 0.250000
10 0.246094 0.822656 0.187500 0.250000
10 0.687500 0.131250 0.187500 0.250000
7 0.306250 0.467187 0.187500 0.250000
30 0.380469 0.263281 0.187500 0.250000
21 0.814844 0.786719 0.187500 0.250000
22 0.837500 0.357812 0.187500 0.250000
9 0.489844 0.480469 0.187500 0.250000
17 0.522656 0.819531 0.187500 0.250000
27 0.724219 0.585938 0.187500 0.250000
6 0.134375 0.629687 0.187500 0.250000
