5 0.280469 0.835938 0.187500 0.250000
2 0.896875 0.702344 0.187500 0.250000
9 0.421875 0.708594 0.187500 0.250000
16 0.790625 0.150000 0.187500 0.250000
24 0.528125 0.393750 0.187500 0.250000
14 0.366406 0.474219 0.187500 0.250000
23 0.241406 0.354687 0.187500 0.250000
15 0.574219 0.818750 0.187500 0.250000
8 0.660937 0.503906 0.187500 0.250000
24 0.525781 0.139063 0.187500 0.250000
28 0.354687 0.209375 0.187500 0.250000
2 0.886719 0.422656 0.187500 0.250000
3 0.122656 0.801562 0.187500 0.250000
9 0.124219 0.214844 0.187500 0.250000
