9 0.413281 0.780469 0.187500 0.250000
2 0.791406 0.496875 0.187500 0.250000
31 0.882031 0.767188 0.187500 0.250000
7 0.185938 0.592969 0.187500 0.250000
23 0.123438 0.139844 0.187500 0.250000
1 0.103906 0.842969 0.187500 0.250000
3 0.574219 0.198437 0.187500 0.250000
3 0.418750 0.359375 0.187500 0.250000
22 0.846094 0.133594 0.187500 0.250000
31 0.595313 0.810156 0.187500 0.250000
14 0.582812 0.525000 0.187500 0.250000
29 0.127344 0.377344 0.187500 0.250000
13 0.898438 0.338281 0.187500 0.250000
