29 0.614844 0.274219 0.187500 0.250000
30 0.185938 0.811719 0.187500 0.250000
5 0.132812 0.621875 0.187500 0.250000
24 0.355469 0.742969 0.187500 0.250000
12 0.644531 0.550000 0.187500 0.250000
15 0.298438 0.478906 0.187500 0.250000
9 0.260156 0.203906 0.187500 0.250000
18 0.836719 0.255469 0.187500 0.250000
26 0.813281 0.532813 0.187500 0.250000
27 0.113281 0.285156 0.187500 0.250000
11 0.412500 0.235937 0.187500 0.250000
18 0.832812 0.741406 0.187500 0.250000
19 0.512500 0.800000 0.187500 0.250000
10 0.466406 0.474219 0.187500 0.250000
