15 0.280469 0.359375 0.187500 0.250000
13 0.335156 0.817969 0.187500 0.250000
3 0.671094 0.433594 0.187500 0.250000
24 0.552344 0.688281 0.187500 0.250000
33 0.181250 0.869531 0.187500 0.250000
13 0.672656 0.165625 0.187500 0.250000
7 0.126562 0.669531 0.187500 0.250000
19 0.429688 0.423438 0.187500 0.250000
19 0.865625 0.331250 0.187500 0.250000
23 0.330469 0.157031 0.187500 0.250000
9 0.854688 0.858594 0.187500 0.250000
32 0.805469 0.627344 0.187500 0.250000
13 0.633594 0.869531 0.187500 0.250000
5 0.543750 0.273438 0.187500 0.250000
