26 0.406250 0.466406 0.187500 0.250000
11 0.323437 0.867969 0.187500 0.250000
31 0.888281 0.775000 0.187500 0.250000
4 0.661719 0.780469 0.187500 0.250000
28 0.839844 0.407031 0.187500 0.250000
27 0.281250 0.236719 0.187500 0.250000
9 0.596875 0.125781 0.187500 0.250000
9 0.628906 0.507812 0.187500 0.250000
3 0.115625 0.777344 0.187500 0.250000
22 0.497656 0.295312 0.187500 0.250000
30 0.100781 0.567969 0.187500 0.250000
6 0.095312 0.153125 0.187500 0.250000
12 0.468750 0.750781 0.187500 0.250000
22 0.796094 0.213281 0.187500 0.250000
