5 0.738281 0.714063 0.187500 0.250000
1 0.561719 0.317969 0.187500 0.250000
10 0.803906 0.494531 0.187500 0.250000
19 0.239063 0.710938 0.187500 0.250000
20 0.453906 0.815625 0.187500 0.250000
30 0.791406 0.125000 0.187500 0.250000
5 0.158594 0.471875 0.187500 0.250000
28 0.325781 0.207031 0.187500 0.250000
32 0.646875 0.520312 0.187500 0.250000
0 0.895312 0.799219 0.187500 0.250000
2 0.401562 0.492188 0.187500 0.250000
21 0.128125 0.871094 0.187500 0.250000
29 0.146094 0.225781 0.187500 0.250000
