16 0.238281 0.644531 0.187500 0.250000
24 0.449219 0.857031 0.187500 0.250000
23 0.531250 0.363281 0.187500 0.250000
18 0.867969 0.685156 0.187500 0.250000
11 0.667188 0.532813 0.187500 0.250000
19 0.228906 0.350000 0.187500 0.250000
18 0.783594 0.153125 0.187500 0.250000
15 0.460938 0.156250 0.187500 0.250000
9 0.620313 0.823438 0.187500 0.250000
28 0.235156 0.867969 0.187500 0.250000
7 0.426563 0.579688 0.187500 0.250000
31 0.718750 0.345313 0.187500 0.250000
11 0.875781 0.426563 0.187500 0.250000
25 0.128906 0.138281 0.187500 0.250000
