25 0.245312 0.707812 0.187500 0.250000
31 0.812500 0.640625 0.187500 0.250000
23 0.389844 0.350000 0.187500 0.250000
27 0.228125 0.507031 0.187500 0.250000
23 0.740625 0.133594 0.187500 0.250000
3 0.246094 0.175781 0.187500 0.250000
27 0.539844 0.209375 0.187500 0.250000
9 0.705469 0.459375 0.187500 0.250000
6 0.613281 0.687500 0.187500 0.250000
18 0.135937 0.317188 0.187500 0.250000
21 0.404687 0.833594 0.187500 0.250000
15 0.792969 0.842969 0.187500 0.250000
19 0.900781 0.223438 0.187500 0.250000
10 0.400781 0.573438 0.187500 0.250000
