15 0.157031 0.600000 0.187500 0.250000
10 0.215625 0.372656 0.187500 0.250000
1 0.525000 0.586719 0.187500 0.250000
3 0.751563 0.698438 0.187500 0.250000
27 0.903906 0.408594 0.187500 0.250000
23 0.142969 0.853906 0.187500 0.250000
7 0.554688 0.302344 0.187500 0.250000
8 0.266406 0.139844 0.187500 0.250000
22 0.456250 0.859375 0.187500 0.250000
15 0.407813 0.253125 0.187500 0.250000
0 0.108594 0.185156 0.187500 0.250000
22 0.657031 0.136719 0.187500 0.250000
24 0.887500 0.853906 0.187500 0.250000
14 0.803906 0.184375 0.187500 0.250000
