21 0.503906 0.722656 0.187500 0.250000
2 0.242969 0.641406 0.187500 0.250000
33 0.388281 0.572656 0.187500 0.250000
1 0.891406 0.515625 0.187500 0.250000
8 0.730469 0.779687 0.187500 0.250000
1 0.352344 0.304688 0.187500 0.250000
15 0.375781 0.865625 0.187500 0.250000
25 0.899219 0.227344 0.187500 0.250000
7 0.550000 0.321094 0.187500 0.250000
14 0.704688 0.159375 0.187500 0.250000
1 0.596875 0.560156 0.187500 0.250000
30 0.253125 0.147656 0.187500 0.250000
31 0.169531 0.406250 0.187500 0.250000
33 0.729688 0.440625 0.187500 0.250000
