18 0.617969 0.332031 0.187500 0.250000
18 0.203125 0.370312 0.187500 0.250000
4 0.575781 0.648438 0.187500 0.250000
28 0.426563 0.701562 0.187500 0.250000
25 0.391406 0.443750 0.187500 0.250000
33 0.141406 0.652344 0.187500 0.250000
29 0.878125 0.791406 0.187500 0.250000
2 0.816406 0.260937 0.187500 0.250000
24 0.610156 0.845313 0.187500 0.250000
8 0.713281 0.532031 0.187500 0.250000
4 0.121875 0.145313 0.187500 0.250000
18 0.357031 0.173437 0.187500 0.250000
33 0.094531 0.874219 0.187500 0.250000
29 0.871094 0.514844 0.187500 0.250000
