27 0.148438 0.470313 0.187500 0.250000
7 0.339062 0.175000 0.187500 0.250000
33 0.263281 0.681250 0.187500 0.250000
28 0.900000 0.402344 0.187500 0.250000
19 0.550781 0.171875 0.187500 0.250000
22 0.662500 0.328125 0.187500 0.250000
22 0.870313 0.629687 0.187500 0.250000
24 0.575000 0.552344 0.187500 0.250000
13 0.464062 0.808594 0.187500 0.250000
19 0.107031 0.232031 0.187500 0.250000
28 0.807813 0.125781 0.187500 0.250000
3 0.869531 0.838281 0.187500 0.250000
20 0.696094 0.847656 0.187500 0.250000
22 0.495312 0.367969 0.187500 0.250000
