28 0.620313 0.732031 0.187500 0.250000
22 0.168750 0.765625 0.187500 0.250000
4 0.695312 0.510938 0.187500 0.250000
31 0.642188 0.246094 0.187500 0.250000
19 0.850781 0.727344 0.187500 0.250000
11 0.829688 0.282813 0.187500 0.250000
24 0.245312 0.390625 0.187500 0.250000
31 0.451562 0.453125 0.187500 0.250000
18 0.390625 0.700781 0.187500 0.250000
24 0.258594 0.179688 0.187500 0.250000
11 0.464844 0.225000 0.187500 0.250000
1 0.499219 0.853906 0.187500 0.250000
18 0.110937 0.560156 0.187500 0.250000
