22 0.492969 0.384375 0.187500 0.250000
32 0.735156 0.701562 0.187500 0.250000
16 0.502344 0.589844 0.187500 0.250000
20 0.569531 0.135156 0.187500 0.250000
5 0.173437 0.249219 0.187500 0.250000
4 0.757812 0.162500 0.187500 0.250000
26 0.363281 0.842969 0.187500 0.250000
0 0.620313 0.851562 0.187500 0.250000
29 0.873437 0.820312 0.187500 0.250000
19 0.341406 0.260937 0.187500 0.250000
18 0.201563 0.825000 0.187500 0.250000
9 0.896094 0.419531 0.187500 0.250000
1 0.158594 0.518750 0.187500 0.250000
25 0.717969 0.380469 0.187500 0.250000
