28 0.448437 0.607812 0.187500 0.250000
15 0.904687 0.517188 0.187500 0.250000
1 0.599219 0.459375 0.187500 0.250000
14 0.692969 0.721094 0.187500 0.250000
4 0.179688 0.335156 0.187500 0.250000
17 0.842187 0.862500 0.187500 0.250000
7 0.197656 0.612500 0.187500 0.250000
4 0.400000 0.864844 0.187500 0.250000
0 0.342969 0.153125 0.187500 0.250000
22 0.707812 0.153125 0.187500 0.250000
14 0.428906 0.330469 0.187500 0.250000
2 0.550781 0.159375 0.187500 0.250000
33 0.181250 0.816406 0.187500 0.250000
29 0.144531 0.136719 0.187500 0.250000
