15 0.121875 0.217969 0.187500 0.250000
22 0.657031 0.640625 0.187500 0.250000
14 0.346094 0.649219 0.187500 0.250000
8 0.873437 0.217188 0.187500 0.250000
29 0.368750 0.239844 0.187500 0.250000
20 0.445312 0.833594 0.187500 0.250000
3 0.682031 0.186719 0.187500 0.250000
17 0.853125 0.763281 0.187500 0.250000
7 0.163281 0.457031 0.187500 0.250000
32 0.167187 0.848437 0.187500 0.250000
15 0.612500 0.841406 0.187500 0.250000
25 0.562500 0.445312 0.187500 0.250000
31 0.721875 0.386719 0.187500 0.250000
1 0.821094 0.556250 0.187500 0.250000
