32 0.685156 0.339844 0.187500 0.250000
15 0.406250 0.477344 0.187500 0.250000
7 0.606250 0.599219 0.187500 0.250000
3 0.213281 0.591406 0.187500 0.250000
6 0.800781 0.698438 0.187500 0.250000
18 0.313281 0.222656 0.187500 0.250000
23 0.125781 0.816406 0.187500 0.250000
13 0.905469 0.371875 0.187500 0.250000
33 0.125781 0.250781 0.187500 0.250000
26 0.451562 0.817969 0.187500 0.250000
23 0.800000 0.190625 0.187500 0.250000
33 0.657813 0.849219 0.187500 0.250000
1 0.560937 0.130469 0.187500 0.250000
