29 0.821875 0.464062 0.187500 0.250000
3 0.217969 0.327344 0.187500 0.250000
10 0.620313 0.242969 0.187500 0.250000
6 0.375781 0.864844 0.187500 0.250000
29 0.842187 0.775000 0.187500 0.250000
18 0.170313 0.127344 0.187500 0.250000
24 0.492188 0.699219 0.187500 0.250000
29 0.831250 0.174219 0.187500 0.250000
6 0.305469 0.600000 0.187500 0.250000
0 0.540625 0.452344 0.187500 0.250000
29 0.653125 0.597656 0.187500 0.250000
3 0.212500 0.819531 0.187500 0.250000
1 0.403906 0.200000 0.187500 0.250000
33 0.628906 0.838281 0.187500 0.250000
