33 0.353125 0.605469 0.187500 0.250000
16 0.544531 0.192188 0.187500 0.250000
25 0.735156 0.510938 0.187500 0.250000
4 0.436719 0.865625 0.187500 0.250000
14 0.732812 0.853906 0.187500 0.250000
30 0.877344 0.691406 0.187500 0.250000
12 0.582812 0.453125 0.187500 0.250000
0 0.187500 0.524219 0.187500 0.250000
14 0.553125 0.710156 0.187500 0.250000
28 0.194531 0.317188 0.187500 0.250000
26 0.235156 0.828125 0.187500 0.250000
5 0.373437 0.263281 0.187500 0.250000
5 0.775000 0.141406 0.187500 0.250000
19 0.900781 0.321094 0.187500 0.250000
