33 0.292187 0.284375 0.187500 0.250000
3 0.708594 0.509375 0.187500 0.250000
0 0.161719 0.389062 0.187500 0.250000
27 0.657813 0.272656 0.187500 0.250000
5 0.364844 0.761719 0.187500 0.250000
31 0.185156 0.619531 0.187500 0.250000
26 0.096094 0.197656 0.187500 0.250000
3 0.903906 0.800781 0.187500 0.250000
15 0.432031 0.529687 0.187500 0.250000
17 0.862500 0.569531 0.187500 0.250000
1 0.641406 0.871875 0.187500 0.250000
9 0.153125 0.831250 0.187500 0.250000
28 0.457813 0.132031 0.187500 0.250000
22 0.897656 0.175781 0.187500 0.250000
