17 0.359375 0.700781 0.187500 0.250000
2 0.378906 0.172656 0.187500 0.250000
28 0.610938 0.576562 0.187500 0.250000
22 0.332813 0.390625 0.187500 0.250000
22 0.672656 0.244531 0.187500 0.250000
6 0.520312 0.341406 0.187500 0.250000
1 0.096875 0.250781 0.187500 0.250000
11 0.857812 0.217188 0.187500 0.250000
22 0.107813 0.462500 0.187500 0.250000
2 0.741406 0.446875 0.187500 0.250000
2 0.861719 0.721875 0.187500 0.250000
27 0.165625 0.746875 0.187500 0.250000
0 0.515625 0.803125 0.187500 0.250000
23 0.708594 0.869531 0.187500 0.250000
