2 0.867969 0.135156 0.187500 0.250000
11 0.844531 0.755469 0.187500 0.250000
21 0.281250 0.263281 0.187500 0.250000
29 0.250000 0.852344 0.187500 0.250000
1 0.650781 0.393750 0.187500 0.250000
10 0.653125 0.757812 0.187500 0.250000
19 0.430469 0.681250 0.187500 0.250000
4 0.302344 0.472656 0.187500 0.250000
16 0.717969 0.190625 0.187500 0.250000
8 0.857812 0.514844 0.187500 0.250000
8 0.460156 0.196094 0.187500 0.250000
32 0.126562 0.690625 0.187500 0.250000
10 0.135937 0.171875 0.187500 0.250000
19 0.462500 0.481250 0.187500 0.250000
