29 0.725781 0.740625 0.187500 0.250000
20 0.231250 0.464844 0.187500 0.250000
1 0.547656 0.606250 0.187500 0.250000
22 0.332031 0.179688 0.187500 0.250000
17 0.114062 0.154688 0.187500 0.250000
25 0.662500 0.309375 0.187500 0.250000
7 0.351562 0.703125 0.187500 0.250000
6 0.207813 0.867969 0.187500 0.250000
29 0.891406 0.367969 0.187500 0.250000
7 0.857031 0.874219 0.187500 0.250000
26 0.500000 0.864062 0.187500 0.250000
16 0.512500 0.221094 0.187500 0.250000
4 0.418750 0.412500 0.187500 0.250000
