22 0.853906 0.852344 0.187500 0.250000
19 0.615625 0.627344 0.187500 0.250000
11 0.873437 0.189062 0.187500 0.250000
0 0.358594 0.571094 0.187500 0.250000
25 0.147656 0.467969 0.187500 0.250000
24 0.652344 0.230469 0.187500 0.250000
10 0.812500 0.494531 0.187500 0.250000
31 0.110156 0.706250 0.187500 0.250000
16 0.148438 0.173437 0.187500 0.250000
17 0.354687 0.278906 0.187500 0.250000
13 0.624219 0.864844 0.187500 0.250000
19 0.400781 0.800000 0.187500 0.250000
17 0.517969 0.463281 0.187500 0.250000
