26 0.500000 0.741406 0.187500 0.250000
4 0.148438 0.364063 0.187500 0.250000
9 0.817969 0.782031 0.187500 0.250000
24 0.097656 0.710938 0.187500 0.250000
15 0.692969 0.316406 0.187500 0.250000
5 0.423438 0.386719 0.187500 0.250000
4 0.249219 0.693750 0.187500 0.250000
19 0.274219 0.171875 0.187500 0.250000
27 0.475781 0.191406 0.187500 0.250000
7 0.839063 0.464062 0.187500 0.250000
22 0.628125 0.849219 0.187500 0.250000
32 0.673438 0.524219 0.187500 0.250000
0 0.896875 0.150000 0.187500 0.250000
