14 0.253906 0.753906 0.187500 0.250000
22 0.367969 0.538281 0.187500 0.250000
33 0.559375 0.811719 0.187500 0.250000
11 0.825781 0.856250 0.187500 0.250000
1 0.101562 0.344531 0.187500 0.250000
32 0.704688 0.646094 0.187500 0.250000
27 0.428906 0.245312 0.187500 0.250000
17 0.861719 0.539062 0.187500 0.250000
16 0.732031 0.234375 0.187500 0.250000
18 0.670312 0.451562 0.187500 0.250000
0 0.280469 0.310156 0.187500 0.250000
7 0.098437 0.828906 0.187500 0.250000
9 0.204687 0.135937 0.187500 0.250000
15 0.157031 0.538281 0.187500 0.250000
