31 0.577344 0.656250 0.187500 0.250000
7 0.579688 0.424219 0.187500 0.250000
2 0.108594 0.719531 0.187500 0.250000
25 0.296094 0.490625 0.187500 0.250000
6 0.490625 0.857812 0.187500 0.250000
32 0.900781 0.521094 0.187500 0.250000
7 0.524219 0.156250 0.187500 0.250000
19 0.769531 0.825000 0.187500 0.250000
7 0.296875 0.804688 0.187500 0.250000
28 0.725781 0.604688 0.187500 0.250000
25 0.121875 0.269531 0.187500 0.250000
12 0.413281 0.313281 0.187500 0.250000
22 0.739844 0.357031 0.187500 0.250000
4 0.277344 0.185938 0.187500 0.250000
