14 0.562500 0.407813 0.187500 0.250000
4 0.282031 0.583594 0.187500 0.250000
24 0.643750 0.129688 0.187500 0.250000
30 0.806250 0.603906 0.187500 0.250000
12 0.396094 0.728125 0.187500 0.250000
22 0.735938 0.810937 0.187500 0.250000
13 0.123438 0.282031 0.187500 0.250000
18 0.353906 0.355469 0.187500 0.250000
4 0.885938 0.189844 0.187500 0.250000
17 0.883594 0.854688 0.187500 0.250000
30 0.142969 0.710156 0.187500 0.250000
5 0.426563 0.175781 0.187500 0.250000
10 0.656250 0.571094 0.187500 0.250000
13 0.250000 0.151562 0.187500 0.250000
