2 0.642969 0.418750 0.187500 0.250000
16 0.450781 0.433594 0.187500 0.250000
22 0.474219 0.135156 0.187500 0.250000
14 0.385156 0.633594 0.187500 0.250000
3 0.843750 0.371875 0.187500 0.250000
7 0.248438 0.287500 0.187500 0.250000
9 0.642969 0.697656 0.187500 0.250000
27 0.833594 0.861719 0.187500 0.250000
28 0.172656 0.810156 0.187500 0.250000
15 0.875000 0.150781 0.187500 0.250000
17 0.143750 0.606250 0.187500 0.250000
21 0.675781 0.153125 0.187500 0.250000
4 0.858594 0.632812 0.187500 0.250000
29 0.129688 0.127344 0.187500 0.250000
