3 0.493750 0.353125 0.187500 0.250000
29 0.840625 0.213281 0.187500 0.250000
11 0.375781 0.745313 0.187500 0.250000
26 0.247656 0.480469 0.187500 0.250000
4 0.772656 0.805469 0.187500 0.250000
12 0.339062 0.292969 0.187500 0.250000
8 0.485938 0.559375 0.187500 0.250000
22 0.873437 0.486719 0.187500 0.250000
22 0.700000 0.439844 0.187500 0.250000
2 0.660156 0.657031 0.187500 0.250000
25 0.201563 0.146875 0.187500 0.250000
2 0.105469 0.764062 0.187500 0.250000
32 0.564063 0.165625 0.187500 0.250000
18 0.572656 0.868750 0.187500 0.250000
