17 0.900000 0.688281 0.187500 0.250000
8 0.783594 0.492969 0.187500 0.250000
6 0.380469 0.826562 0.187500 0.250000
9 0.137500 0.777344 0.187500 0.250000
26 0.536719 0.228906 0.187500 0.250000
19 0.206250 0.434375 0.187500 0.250000
21 0.602344 0.841406 0.187500 0.250000
9 0.377344 0.390625 0.187500 0.250000
1 0.743750 0.249219 0.187500 0.250000
5 0.627344 0.457031 0.187500 0.250000
25 0.222656 0.154688 0.187500 0.250000
26 0.505469 0.582031 0.187500 0.250000
28 0.259375 0.621094 0.187500 0.250000
12 0.777344 0.809375 0.187500 0.250000
