2 0.861719 0.257812 0.187500 0.250000
4 0.533594 0.828125 0.187500 0.250000
21 0.176563 0.271094 0.187500 0.250000
7 0.805469 0.649219 0.187500 0.250000
15 0.189844 0.695312 0.187500 0.250000
11 0.434375 0.158594 0.187500 0.250000
24 0.285938 0.507031 0.187500 0.250000
30 0.579688 0.582812 0.187500 0.250000
2 0.643750 0.204687 0.187500 0.250000
27 0.412500 0.385937 0.187500 0.250000
9 0.374219 0.808594 0.187500 0.250000
3 0.700781 0.858594 0.187500 0.250000
3 0.792188 0.444531 0.187500 0.250000
