16 0.442188 0.396875 0.187500 0.250000
17 0.653906 0.261719 0.187500 0.250000
17 0.400000 0.867188 0.187500 0.250000
4 0.566406 0.686719 0.187500 0.250000
0 0.868750 0.207031 0.187500 0.250000
15 0.460938 0.148438 0.187500 0.250000
0 0.236719 0.687500 0.187500 0.250000
3 0.244531 0.419531 0.187500 0.250000
28 0.813281 0.416406 0.187500 0.250000
22 0.782813 0.785156 0.187500 0.250000
7 0.134375 0.178125 0.187500 0.250000
19 0.097656 0.373437 0.187500 0.250000
27 0.889844 0.618750 0.187500 0.250000
