18 0.287500 0.134375 0.187500 0.250000
5 0.817969 0.521094 0.187500 0.250000
27 0.619531 0.554688 0.187500 0.250000
22 0.882812 0.784375 0.187500 0.250000
31 0.192188 0.294531 0.187500 0.250000
14 0.482031 0.157812 0.187500 0.250000
23 0.128906 0.572656 0.187500 0.250000
15 0.412500 0.867188 0.187500 0.250000
6 0.566406 0.802344 0.187500 0.250000
3 0.825781 0.139063 0.187500 0.250000
9 0.303906 0.675000 0.187500 0.250000
20 0.686719 0.350000 0.187500 0.250000
25 0.343750 0.418750 0.187500 0.250000
15 0.889062 0.325000 0.187500 0.250000
