31 0.540625 0.745313 0.187500 0.250000
20 0.303906 0.368750 0.187500 0.250000
2 0.850000 0.200781 0.187500 0.250000
22 0.465625 0.449219 0.187500 0.250000
1 0.875000 0.439844 0.187500 0.250000
29 0.307812 0.751563 0.187500 0.250000
4 0.132812 0.187500 0.187500 0.250000
26 0.114062 0.525781 0.187500 0.250000
15 0.677344 0.246094 0.187500 0.250000
33 0.692969 0.769531 0.187500 0.250000
2 0.369531 0.150000 0.187500 0.250000
29 0.145313 0.863281 0.187500 0.250000
10 0.888281 0.725000 0.187500 0.250000
4 0.712500 0.529687 0.187500 0.250000
