20 0.405469 0.874219 0.187500 0.250000
31 0.432031 0.480469 0.187500 0.250000
26 0.199219 0.850000 0.187500 0.250000
1 0.860156 0.676562 0.187500 0.250000
30 0.747656 0.529687 0.187500 0.250000
33 0.207813 0.167187 0.187500 0.250000
22 0.879687 0.171875 0.187500 0.250000
0 0.778125 0.332813 0.187500 0.250000
30 0.235156 0.625781 0.187500 0.250000
16 0.617188 0.134375 0.187500 0.250000
29 0.432812 0.229687 0.187500 0.250000
6 0.150781 0.352344 0.187500 0.250000
20 0.565625 0.636719 0.187500 0.250000
29 0.573438 0.360156 0.187500 0.250000
