25 0.492969 0.645312 0.187500 0.250000
33 0.764062 0.816406 0.187500 0.250000
18 0.234375 0.300000 0.187500 0.250000
20 0.693750 0.608594 0.187500 0.250000
27 0.592969 0.185938 0.187500 0.250000
12 0.246875 0.753125 0.187500 0.250000
32 0.392188 0.235937 0.187500 0.250000
5 0.829688 0.367969 0.187500 0.250000
18 0.403125 0.460938 0.187500 0.250000
6 0.503906 0.847656 0.187500 0.250000
26 0.556250 0.399219 0.187500 0.250000
9 0.137500 0.580469 0.187500 0.250000
16 0.885156 0.162500 0.187500 0.250000
