19 0.782031 0.762500 0.187500 0.250000
21 0.483594 0.242969 0.187500 0.250000
23 0.417187 0.820312 0.187500 0.250000
3 0.318750 0.604688 0.187500 0.250000
23 0.697656 0.517969 0.187500 0.250000
3 0.330469 0.315625 0.187500 0.250000
9 0.106250 0.245312 0.187500 0.250000
11 0.873437 0.424219 0.187500 0.250000
22 0.121875 0.503125 0.187500 0.250000
33 0.867188 0.130469 0.187500 0.250000
8 0.508594 0.600000 0.187500 0.250000
20 0.182812 0.764844 0.187500 0.250000
13 0.660937 0.290625 0.187500 0.250000
22 0.646875 0.852344 0.187500 0.250000
