13 0.487500 0.816406 0.187500 0.250000
21 0.759375 0.685156 0.187500 0.250000
3 0.353906 0.404687 0.187500 0.250000
28 0.295312 0.676562 0.187500 0.250000
32 0.357812 0.146875 0.187500 0.250000
25 0.772656 0.300781 0.187500 0.250000
6 0.656250 0.463281 0.187500 0.250000
1 0.161719 0.132031 0.187500 0.250000
23 0.103125 0.871875 0.187500 0.250000
30 0.531250 0.226562 0.187500 0.250000
6 0.489844 0.493750 0.187500 0.250000
14 0.128125 0.386719 0.187500 0.250000
17 0.835938 0.865625 0.187500 0.250000
