10 0.093750 0.382812 0.187500 0.250000
23 0.461719 0.328906 0.187500 0.250000
30 0.438281 0.560156 0.187500 0.250000
15 0.339844 0.740625 0.187500 0.250000
9 0.624219 0.471875 0.187500 0.250000
28 0.126562 0.578125 0.187500 0.250000
5 0.782813 0.789062 0.187500 0.250000
20 0.789844 0.576562 0.187500 0.250000
19 0.234375 0.224219 0.187500 0.250000
30 0.580469 0.696094 0.187500 0.250000
10 0.644531 0.208594 0.187500 0.250000
16 0.883594 0.367969 0.187500 0.250000
5 0.127344 0.786719 0.187500 0.250000
