9 0.747656 0.300000 0.187500 0.250000
16 0.418750 0.702344 0.187500 0.250000
9 0.268750 0.536719 0.187500 0.250000
0 0.625000 0.692187 0.187500 0.250000
25 0.793750 0.495312 0.187500 0.250000
25 0.471875 0.303906 0.187500 0.250000
22 0.131250 0.442188 0.187500 0.250000
20 0.585156 0.142187 0.187500 0.250000
3 0.097656 0.700781 0.187500 0.250000
4 0.806250 0.758594 0.187500 0.250000
20 0.303125 0.139063 0.187500 0.250000
5 0.903125 0.304688 0.187500 0.250000
8 0.296094 0.869531 0.187500 0.250000
30 0.589844 0.459375 0.187500 0.250000
