5 0.639062 0.142969 0.187500 0.250000
12 0.760156 0.396094 0.187500 0.250000
12 0.300000 0.646875 0.187500 0.250000
13 0.357031 0.183594 0.187500 0.250000
20 0.100000 0.573438 0.187500 0.250000
6 0.495312 0.331250 0.187500 0.250000
11 0.496875 0.793750 0.187500 0.250000
25 0.892969 0.709375 0.187500 0.250000
0 0.210156 0.274219 0.187500 0.250000
17 0.660937 0.604688 0.187500 0.250000
5 0.653906 0.828125 0.187500 0.250000
32 0.805469 0.185156 0.187500 0.250000
32 0.323437 0.874219 0.187500 0.250000
7 0.425000 0.524219 0.187500 0.250000
