7 0.253906 0.481250 0.187500 0.250000
0 0.556250 0.563281 0.187500 0.250000
5 0.521094 0.175000 0.187500 0.250000
16 0.728125 0.310937 0.187500 0.250000
6 0.902344 0.288281 0.187500 0.250000
0 0.426563 0.340625 0.187500 0.250000
2 0.410156 0.771094 0.187500 0.250000
26 0.239063 0.804688 0.187500 0.250000
32 0.796875 0.857031 0.187500 0.250000
0 0.322656 0.154688 0.187500 0.250000
10 0.123438 0.609375 0.187500 0.250000
20 0.170313 0.308594 0.187500 0.250000
15 0.717187 0.633594 0.187500 0.250000
12 0.888281 0.550000 0.187500 0.250000
