28 0.656250 0.464062 0.187500 0.250000
27 0.270313 0.775781 0.187500 0.250000
9 0.896094 0.307031 0.187500 0.250000
29 0.499219 0.257812 0.187500 0.250000
26 0.895312 0.692187 0.187500 0.250000
21 0.421094 0.708594 0.187500 0.250000
8 0.731250 0.204687 0.187500 0.250000
24 0.300000 0.142187 0.187500 0.250000
22 0.097656 0.858594 0.187500 0.250000
10 0.435156 0.464844 0.187500 0.250000
20 0.703125 0.679688 0.187500 0.250000
10 0.265625 0.550000 0.187500 0.250000
4 0.171094 0.335156 0.187500 0.250000
18 0.114844 0.602344 0.187500 0.250000
