31 0.231250 0.644531 0.187500 0.250000
9 0.129688 0.387500 0.187500 0.250000
12 0.453906 0.352344 0.187500 0.250000
5 0.630469 0.758594 0.187500 0.250000
28 0.842969 0.237500 0.187500 0.250000
25 0.480469 0.821094 0.187500 0.250000
26 0.586719 0.452344 0.187500 0.250000
29 0.200000 0.190625 0.187500 0.250000
24 0.660937 0.239063 0.187500 0.250000
15 0.722656 0.596875 0.187500 0.250000
19 0.351562 0.165625 0.187500 0.250000
21 0.353125 0.515625 0.187500 0.250000
12 0.878906 0.851562 0.187500 0.250000
9 0.097656 0.853125 0.187500 0.250000
