8 0.299219 0.706250 0.187500 0.250000
30 0.724219 0.220312 0.187500 0.250000
9 0.889844 0.342969 0.187500 0.250000
26 0.787500 0.760938 0.187500 0.250000
3 0.576562 0.264062 0.187500 0.250000
25 0.610938 0.625000 0.187500 0.250000
18 0.445312 0.408594 0.187500 0.250000
25 0.293750 0.307031 0.187500 0.250000
15 0.103125 0.825000 0.187500 0.250000
31 0.215625 0.524219 0.187500 0.250000
2 0.528125 0.800781 0.187500 0.250000
5 0.772656 0.498437 0.187500 0.250000
27 0.109375 0.125000 0.187500 0.250000
