19 0.553125 0.354687 0.187500 0.250000
12 0.554688 0.149219 0.187500 0.250000
29 0.132031 0.583594 0.187500 0.250000
16 0.332813 0.656250 0.187500 0.250000
30 0.627344 0.710156 0.187500 0.250000
13 0.701562 0.482031 0.187500 0.250000
29 0.136719 0.129688 0.187500 0.250000
30 0.386719 0.362500 0.187500 0.250000
24 0.900781 0.293750 0.187500 0.250000
0 0.784375 0.777344 0.187500 0.250000
13 0.222656 0.842187 0.187500 0.250000
16 0.708594 0.191406 0.187500 0.250000
27 0.904687 0.500000 0.187500 0.250000
23 0.486719 0.792969 0.187500 0.250000
