22 0.290625 0.658594 0.187500 0.250000
6 0.548438 0.257812 0.187500 0.250000
24 0.606250 0.818750 0.187500 0.250000
10 0.801562 0.831250 0.187500 0.250000
4 0.765625 0.533594 0.187500 0.250000
10 0.128125 0.707812 0.187500 0.250000
33 0.486719 0.581250 0.187500 0.250000
26 0.114844 0.135156 0.187500 0.250000
0 0.392188 0.157031 0.187500 0.250000
24 0.835938 0.300781 0.187500 0.250000
16 0.288281 0.867188 0.187500 0.250000
0 0.211719 0.314844 0.187500 0.250000
12 0.392188 0.381250 0.187500 0.250000
11 0.699219 0.162500 0.187500 0.250000
