29 0.292969 0.654687 0.187500 0.250000
2 0.550781 0.193750 0.187500 0.250000
15 0.407813 0.798438 0.187500 0.250000
31 0.100781 0.571094 0.187500 0.250000
22 0.360156 0.428125 0.187500 0.250000
7 0.800000 0.375781 0.187500 0.250000
1 0.805469 0.857031 0.187500 0.250000
26 0.110937 0.246094 0.187500 0.250000
18 0.682813 0.700000 0.187500 0.250000
23 0.891406 0.597656 0.187500 0.250000
32 0.623437 0.471875 0.187500 0.250000
7 0.831250 0.135156 0.187500 0.250000
24 0.173437 0.790625 0.187500 0.250000
5 0.267188 0.196094 0.187500 0.250000
