6 0.361719 0.378906 0.187500 0.250000
20 0.493750 0.162500 0.187500 0.250000
18 0.610156 0.848437 0.187500 0.250000
10 0.709375 0.192188 0.187500 0.250000
12 0.156250 0.702344 0.187500 0.250000
2 0.208594 0.216406 0.187500 0.250000
12 0.133594 0.436719 0.187500 0.250000
2 0.770312 0.621094 0.187500 0.250000
16 0.771875 0.400781 0.187500 0.250000
21 0.460938 0.767969 0.187500 0.250000
28 0.467187 0.527344 0.187500 0.250000
25 0.875781 0.807813 0.187500 0.250000
13 0.892969 0.190625 0.187500 0.250000
3 0.317188 0.873437 0.187500 0.250000
