5 0.102344 0.431250 0.187500 0.250000
30 0.110937 0.829688 0.187500 0.250000
2 0.903906 0.270313 0.187500 0.250000
20 0.278906 0.553125 0.187500 0.250000
28 0.827344 0.782031 0.187500 0.250000
15 0.299219 0.278906 0.187500 0.250000
32 0.696875 0.482812 0.187500 0.250000
33 0.457031 0.575781 0.187500 0.250000
16 0.754687 0.162500 0.187500 0.250000
5 0.593750 0.146094 0.187500 0.250000
1 0.343750 0.847656 0.187500 0.250000
1 0.636719 0.861719 0.187500 0.250000
5 0.098437 0.149219 0.187500 0.250000
15 0.500781 0.313281 0.187500 0.250000
