11 0.723437 0.185156 0.187500 0.250000
9 0.384375 0.163281 0.187500 0.250000
6 0.190625 0.382031 0.187500 0.250000
26 0.286719 0.749219 0.187500 0.250000
1 0.557031 0.338281 0.187500 0.250000
1 0.436719 0.556250 0.187500 0.250000
21 0.727344 0.469531 0.187500 0.250000
23 0.886719 0.866406 0.187500 0.250000
12 0.871094 0.136719 0.187500 0.250000
11 0.735156 0.826562 0.187500 0.250000
19 0.173437 0.171094 0.187500 0.250000
2 0.098437 0.596875 0.187500 0.250000
12 0.510938 0.741406 0.187500 0.250000
5 0.903906 0.639062 0.187500 0.250000
