23 0.645312 0.266406 0.187500 0.250000
29 0.297656 0.741406 0.187500 0.250000
5 0.535937 0.803125 0.187500 0.250000
30 0.161719 0.528125 0.187500 0.250000
21 0.632031 0.607812 0.187500 0.250000
9 0.535937 0.410938 0.187500 0.250000
25 0.854688 0.125781 0.187500 0.250000
16 0.864844 0.540625 0.187500 0.250000
10 0.096875 0.315625 0.187500 0.250000
13 0.467187 0.590625 0.187500 0.250000
29 0.785937 0.818750 0.187500 0.250000
9 0.232813 0.187500 0.187500 0.250000
24 0.099219 0.873437 0.187500 0.250000
29 0.385156 0.134375 0.187500 0.250000
