18 0.529687 0.828906 0.187500 0.250000
30 0.803906 0.559375 0.187500 0.250000
33 0.159375 0.535937 0.187500 0.250000
8 0.309375 0.664062 0.187500 0.250000
13 0.639062 0.628906 0.187500 0.250000
10 0.587500 0.328906 0.187500 0.250000
7 0.882812 0.789062 0.187500 0.250000
8 0.403906 0.375000 0.187500 0.250000
20 0.894531 0.344531 0.187500 0.250000
28 0.385156 0.151562 0.187500 0.250000
29 0.264844 0.858594 0.187500 0.250000
22 0.117188 0.280469 0.187500 0.250000
10 0.694531 0.178125 0.187500 0.250000
28 0.457813 0.600781 0.187500 0.250000
