24 0.680469 0.179688 0.187500 0.250000
23 0.196875 0.287500 0.187500 0.250000
19 0.744531 0.778906 0.187500 0.250000
29 0.543750 0.406250 0.187500 0.250000
10 0.487500 0.747656 0.187500 0.250000
26 0.695312 0.474219 0.187500 0.250000
1 0.845313 0.274219 0.187500 0.250000
5 0.163281 0.660156 0.187500 0.250000
6 0.310156 0.617969 0.187500 0.250000
5 0.894531 0.829688 0.187500 0.250000
19 0.880469 0.600000 0.187500 0.250000
28 0.335938 0.420312 0.187500 0.250000
9 0.326562 0.130469 0.187500 0.250000
1 0.162500 0.866406 0.187500 0.250000
