14 0.226562 0.507812 0.187500 0.250000
30 0.692969 0.832031 0.187500 0.250000
10 0.399219 0.532813 0.187500 0.250000
5 0.484375 0.700781 0.187500 0.250000
26 0.853125 0.510156 0.187500 0.250000
16 0.536719 0.189844 0.187500 0.250000
18 0.855469 0.866406 0.187500 0.250000
9 0.170313 0.244531 0.187500 0.250000
14 0.617969 0.366406 0.187500 0.250000
28 0.280469 0.864844 0.187500 0.250000
31 0.723437 0.621875 0.187500 0.250000
29 0.699219 0.157812 0.187500 0.250000
29 0.125781 0.732812 0.187500 0.250000
21 0.890625 0.134375 0.187500 0.250000
