15 0.498437 0.356250 0.187500 0.250000
2 0.814063 0.517188 0.187500 0.250000
22 0.753906 0.870313 0.187500 0.250000
13 0.852344 0.132812 0.187500 0.250000
1 0.573438 0.817187 0.187500 0.250000
28 0.701562 0.678906 0.187500 0.250000
22 0.109375 0.369531 0.187500 0.250000
16 0.210156 0.695312 0.187500 0.250000
15 0.453125 0.629687 0.187500 0.250000
8 0.293750 0.526563 0.187500 0.250000
31 0.635938 0.210938 0.187500 0.250000
27 0.362500 0.222656 0.187500 0.250000
3 0.118750 0.864062 0.187500 0.250000
