13 0.875000 0.703125 0.187500 0.250000
8 0.486719 0.412500 0.187500 0.250000
26 0.193750 0.199219 0.187500 0.250000
3 0.880469 0.364063 0.187500 0.250000
17 0.639844 0.653125 0.187500 0.250000
18 0.419531 0.700000 0.187500 0.250000
16 0.707031 0.321094 0.187500 0.250000
9 0.189062 0.666406 0.187500 0.250000
14 0.449219 0.197656 0.187500 0.250000
24 0.739062 0.851562 0.187500 0.250000
25 0.875781 0.155469 0.187500 0.250000
32 0.346875 0.517188 0.187500 0.250000
2 0.635156 0.142187 0.187500 0.250000
23 0.153906 0.417187 0.187500 0.250000
