18 0.568750 0.696875 0.187500 0.250000
4 0.786719 0.290625 0.187500 0.250000
32 0.482812 0.185156 0.187500 0.250000
11 0.814844 0.503125 0.187500 0.250000
6 0.320312 0.522656 0.187500 0.250000
9 0.278125 0.785937 0.187500 0.250000
28 0.475781 0.525000 0.187500 0.250000
10 0.217188 0.251563 0.187500 0.250000
9 0.124219 0.499219 0.187500 0.250000
28 0.886719 0.819531 0.187500 0.250000
18 0.735156 0.753125 0.187500 0.250000
9 0.609375 0.308594 0.187500 0.250000
19 0.106250 0.757812 0.187500 0.250000
