13 0.327344 0.677344 0.187500 0.250000
14 0.120313 0.322656 0.187500 0.250000
20 0.144531 0.775781 0.187500 0.250000
8 0.870313 0.752344 0.187500 0.250000
8 0.425781 0.380469 0.187500 0.250000
23 0.803125 0.318750 0.187500 0.250000
9 0.659375 0.465625 0.187500 0.250000
27 0.171094 0.532813 0.187500 0.250000
11 0.482031 0.741406 0.187500 0.250000
17 0.572656 0.219531 0.187500 0.250000
33 0.814063 0.542188 0.187500 0.250000
20 0.300781 0.214062 0.187500 0.250000
22 0.715625 0.708594 0.187500 0.250000
