6 0.544531 0.299219 0.187500 0.250000
17 0.409375 0.482031 0.187500 0.250000
26 0.631250 0.590625 0.187500 0.250000
20 0.484375 0.768750 0.187500 0.250000
10 0.747656 0.340625 0.187500 0.250000
33 0.187500 0.282813 0.187500 0.250000
22 0.871094 0.589063 0.187500 0.250000
15 0.285938 0.783594 0.187500 0.250000
16 0.785156 0.139063 0.187500 0.250000
19 0.726562 0.843750 0.187500 0.250000
19 0.121094 0.800781 0.187500 0.250000
29 0.258594 0.529687 0.187500 0.250000
29 0.329688 0.185156 0.187500 0.250000
