31 0.874219 0.596875 0.187500 0.250000
9 0.676562 0.247656 0.187500 0.250000
4 0.609375 0.532031 0.187500 0.250000
3 0.889844 0.291406 0.187500 0.250000
22 0.269531 0.241406 0.187500 0.250000
33 0.561719 0.731250 0.187500 0.250000
27 0.213281 0.739844 0.187500 0.250000
1 0.282813 0.554688 0.187500 0.250000
20 0.749219 0.748437 0.187500 0.250000
1 0.450781 0.410156 0.187500 0.250000
3 0.094531 0.474219 0.187500 0.250000
21 0.357031 0.872656 0.187500 0.250000
9 0.748437 0.436719 0.187500 0.250000
