4 0.489063 0.349219 0.187500 0.250000
14 0.261719 0.312500 0.187500 0.250000
14 0.360156 0.848437 0.187500 0.250000
2 0.194531 0.812500 0.187500 0.250000
14 0.835156 0.722656 0.187500 0.250000
0 0.708594 0.376563 0.187500 0.250000
4 0.472656 0.668750 0.187500 0.250000
20 0.896875 0.391406 0.187500 0.250000
20 0.199219 0.499219 0.187500 0.250000
24 0.125781 0.167187 0.187500 0.250000
3 0.592187 0.159375 0.187500 0.250000
29 0.607031 0.850781 0.187500 0.250000
6 0.404687 0.167187 0.187500 0.250000
4 0.642969 0.607812 0.187500 0.250000
