33 0.254688 0.568750 0.187500 0.250000
1 0.693750 0.265625 0.187500 0.250000
18 0.447656 0.266406 0.187500 0.250000
19 0.564844 0.507812 0.187500 0.250000
9 0.780469 0.625781 0.187500 0.250000
31 0.253906 0.232813 0.187500 0.250000
18 0.888281 0.442969 0.187500 0.250000
30 0.108594 0.484375 0.187500 0.250000
3 0.441406 0.836719 0.187500 0.250000
32 0.416406 0.580469 0.187500 0.250000
16 0.764062 0.845313 0.187500 0.250000
1 0.121875 0.802344 0.187500 0.250000
0 0.278906 0.825781 0.187500 0.250000
21 0.094531 0.219531 0.187500 0.250000
