11 0.488281 0.811719 0.187500 0.250000
27 0.315625 0.607812 0.187500 0.250000
19 0.186719 0.816406 0.187500 0.250000
5 0.873437 0.304688 0.187500 0.250000
23 0.332813 0.321875 0.187500 0.250000
5 0.507031 0.423438 0.187500 0.250000
24 0.743750 0.668750 0.187500 0.250000
29 0.132812 0.397656 0.187500 0.250000
32 0.700000 0.438281 0.187500 0.250000
12 0.873437 0.785156 0.187500 0.250000
14 0.483594 0.185156 0.187500 0.250000
20 0.139063 0.177344 0.187500 0.250000
13 0.900781 0.581250 0.187500 0.250000
11 0.680469 0.222656 0.187500 0.250000
