25 0.332813 0.318750 0.187500 0.250000
1 0.795312 0.343750 0.187500 0.250000
19 0.262500 0.699219 0.187500 0.250000
2 0.603125 0.766406 0.187500 0.250000
24 0.855469 0.536719 0.187500 0.250000
10 0.477344 0.607031 0.187500 0.250000
22 0.885156 0.814844 0.187500 0.250000
22 0.631250 0.424219 0.187500 0.250000
29 0.167969 0.868750 0.187500 0.250000
24 0.138281 0.135156 0.187500 0.250000
3 0.612500 0.217969 0.187500 0.250000
12 0.200781 0.462500 0.187500 0.250000
2 0.452344 0.169531 0.187500 0.250000
