13 0.099219 0.373437 0.187500 0.250000
31 0.820312 0.577344 0.187500 0.250000
32 0.253125 0.135937 0.187500 0.250000
18 0.465625 0.158594 0.187500 0.250000
9 0.479687 0.598437 0.187500 0.250000
10 0.303906 0.745313 0.187500 0.250000
24 0.125000 0.603125 0.187500 0.250000
20 0.842969 0.259375 0.187500 0.250000
14 0.650000 0.310937 0.187500 0.250000
28 0.272656 0.524219 0.187500 0.250000
22 0.836719 0.853906 0.187500 0.250000
29 0.137500 0.821875 0.187500 0.250000
30 0.565625 0.832812 0.187500 0.250000
21 0.434375 0.361719 0.187500 0.250000
