30 0.796094 0.746094 0.187500 0.250000
7 0.411719 0.376563 0.187500 0.250000
21 0.352344 0.706250 0.187500 0.250000
5 0.785937 0.133594 0.187500 0.250000
12 0.684375 0.510156 0.187500 0.250000
28 0.199219 0.229687 0.187500 0.250000
5 0.115625 0.539062 0.187500 0.250000
25 0.560937 0.857812 0.187500 0.250000
11 0.575781 0.197656 0.187500 0.250000
11 0.109375 0.840625 0.187500 0.250000
23 0.511719 0.667188 0.187500 0.250000
14 0.902344 0.482812 0.187500 0.250000
10 0.892188 0.280469 0.187500 0.250000
