8 0.228125 0.465625 0.187500 0.250000
30 0.600000 0.467969 0.187500 0.250000
30 0.532031 0.238281 0.187500 0.250000
30 0.715625 0.149219 0.187500 0.250000
23 0.336719 0.264844 0.187500 0.250000
21 0.797656 0.647656 0.187500 0.250000
17 0.116406 0.143750 0.187500 0.250000
5 0.537500 0.815625 0.187500 0.250000
18 0.839063 0.285938 0.187500 0.250000
25 0.383594 0.796094 0.187500 0.250000
9 0.137500 0.692969 0.187500 0.250000
23 0.464062 0.582812 0.187500 0.250000
2 0.790625 0.852344 0.187500 0.250000
