32 0.502344 0.421094 0.187500 0.250000
2 0.806250 0.288281 0.187500 0.250000
29 0.484375 0.187500 0.187500 0.250000
11 0.321875 0.572656 0.187500 0.250000
21 0.150000 0.489844 0.187500 0.250000
6 0.472656 0.792969 0.187500 0.250000
32 0.887500 0.856250 0.187500 0.250000
31 0.260156 0.285938 0.187500 0.250000
29 0.760156 0.497656 0.187500 0.250000
26 0.314063 0.808594 0.187500 0.250000
2 0.898438 0.593750 0.187500 0.250000
18 0.156250 0.733594 0.187500 0.250000
31 0.665625 0.852344 0.187500 0.250000
25 0.619531 0.657031 0.187500 0.250000
