12 0.517188 0.147656 0.187500 0.250000
22 0.268750 0.353906 0.187500 0.250000
12 0.659375 0.667969 0.187500 0.250000
30 0.747656 0.270313 0.187500 0.250000
21 0.302344 0.648438 0.187500 0.250000
1 0.339062 0.845313 0.187500 0.250000
21 0.855469 0.125000 0.187500 0.250000
27 0.460938 0.597656 0.187500 0.250000
20 0.109375 0.873437 0.187500 0.250000
18 0.521875 0.810156 0.187500 0.250000
2 0.857812 0.770312 0.187500 0.250000
11 0.137500 0.136719 0.187500 0.250000
15 0.535156 0.417969 0.187500 0.250000
3 0.891406 0.384375 0.187500 0.250000
