30 0.369531 0.767188 0.187500 0.250000
13 0.281250 0.287500 0.187500 0.250000
27 0.184375 0.566406 0.187500 0.250000
19 0.707031 0.618750 0.187500 0.250000
17 0.359375 0.489844 0.187500 0.250000
20 0.839844 0.761719 0.187500 0.250000
6 0.832031 0.197656 0.187500 0.250000
29 0.135156 0.129688 0.187500 0.250000
31 0.552344 0.385156 0.187500 0.250000
28 0.664062 0.856250 0.187500 0.250000
14 0.716406 0.334375 0.187500 0.250000
9 0.446875 0.132031 0.187500 0.250000
0 0.836719 0.474219 0.187500 0.250000
24 0.116406 0.836719 0.187500 0.250000
