19 0.537500 0.649219 0.187500 0.250000
23 0.258594 0.338281 0.187500 0.250000
14 0.664844 0.780469 0.187500 0.250000
30 0.901563 0.628125 0.187500 0.250000
5 0.164844 0.854688 0.187500 0.250000
15 0.357812 0.871094 0.187500 0.250000
10 0.658594 0.164062 0.187500 0.250000
12 0.882031 0.360938 0.187500 0.250000
16 0.231250 0.639062 0.187500 0.250000
20 0.357812 0.125000 0.187500 0.250000
5 0.670312 0.406250 0.187500 0.250000
16 0.414062 0.385156 0.187500 0.250000
28 0.516406 0.868750 0.187500 0.250000
4 0.114062 0.167187 0.187500 0.250000
