29 0.582031 0.186719 0.187500 0.250000
19 0.447656 0.795312 0.187500 0.250000
6 0.632812 0.869531 0.187500 0.250000
1 0.094531 0.252344 0.187500 0.250000
3 0.334375 0.595313 0.187500 0.250000
25 0.412500 0.130469 0.187500 0.250000
11 0.751563 0.567969 0.187500 0.250000
23 0.346875 0.392188 0.187500 0.250000
13 0.159375 0.642188 0.187500 0.250000
10 0.878906 0.155469 0.187500 0.250000
2 0.511719 0.424219 0.187500 0.250000
14 0.821094 0.754687 0.187500 0.250000
7 0.189062 0.425000 0.187500 0.250000
28 0.228906 0.865625 0.187500 0.250000
