18 0.490625 0.779687 0.187500 0.250000
24 0.317969 0.232813 0.187500 0.250000
13 0.153125 0.814063 0.187500 0.250000
21 0.860938 0.354687 0.187500 0.250000
12 0.242188 0.583594 0.187500 0.250000
9 0.577344 0.157031 0.187500 0.250000
20 0.664844 0.500781 0.187500 0.250000
5 0.735156 0.853125 0.187500 0.250000
14 0.449219 0.583594 0.187500 0.250000
33 0.842187 0.570312 0.187500 0.250000
13 0.110156 0.360938 0.187500 0.250000
8 0.898438 0.839063 0.187500 0.250000
14 0.515625 0.380469 0.187500 0.250000
