20 0.884375 0.778906 0.187500 0.250000
15 0.263281 0.860156 0.187500 0.250000
29 0.697656 0.437500 0.187500 0.250000
28 0.471094 0.337500 0.187500 0.250000
15 0.153125 0.258594 0.187500 0.250000
29 0.222656 0.468750 0.187500 0.250000
20 0.317188 0.128125 0.187500 0.250000
2 0.887500 0.359375 0.187500 0.250000
8 0.563281 0.162500 0.187500 0.250000
11 0.592187 0.742188 0.187500 0.250000
19 0.366406 0.641406 0.187500 0.250000
5 0.785156 0.161719 0.187500 0.250000
5 0.130469 0.757031 0.187500 0.250000
