20 0.246875 0.416406 0.187500 0.250000
9 0.803906 0.647656 0.187500 0.250000
14 0.762500 0.377344 0.187500 0.250000
15 0.093750 0.214062 0.187500 0.250000
8 0.489063 0.297656 0.187500 0.250000
15 0.236719 0.845313 0.187500 0.250000
10 0.501563 0.607031 0.187500 0.250000
6 0.305469 0.158594 0.187500 0.250000
17 0.467969 0.852344 0.187500 0.250000
17 0.171875 0.661719 0.187500 0.250000
25 0.825781 0.167187 0.187500 0.250000
18 0.895312 0.871094 0.187500 0.250000
0 0.580469 0.125781 0.187500 0.250000
8 0.663281 0.841406 0.187500 0.250000
