9 0.450000 0.267969 0.187500 0.250000
31 0.219531 0.228125 0.187500 0.250000
17 0.771094 0.843750 0.187500 0.250000
10 0.307031 0.514062 0.187500 0.250000
25 0.680469 0.130469 0.187500 0.250000
13 0.395313 0.707031 0.187500 0.250000
30 0.837500 0.358594 0.187500 0.250000
20 0.096094 0.519531 0.187500 0.250000
20 0.653125 0.669531 0.187500 0.250000
19 0.507031 0.863281 0.187500 0.250000
25 0.134375 0.790625 0.187500 0.250000
7 0.619531 0.319531 0.187500 0.250000
0 0.480469 0.485156 0.187500 0.250000
3 0.285938 0.854688 0.187500 0.250000
