10 0.734375 0.293750 0.187500 0.250000
26 0.434375 0.386719 0.187500 0.250000
21 0.272656 0.506250 0.187500 0.250000
24 0.227344 0.809375 0.187500 0.250000
7 0.440625 0.842187 0.187500 0.250000
1 0.718750 0.581250 0.187500 0.250000
8 0.500781 0.182031 0.187500 0.250000
24 0.500781 0.595313 0.187500 0.250000
11 0.116406 0.365625 0.187500 0.250000
21 0.891406 0.313281 0.187500 0.250000
18 0.903906 0.855469 0.187500 0.250000
16 0.902344 0.533594 0.187500 0.250000
6 0.133594 0.589063 0.187500 0.250000
27 0.344531 0.175000 0.187500 0.250000
