15 0.899219 0.147656 0.187500 0.250000
23 0.119531 0.489063 0.187500 0.250000
0 0.813281 0.478906 0.187500 0.250000
25 0.171875 0.798438 0.187500 0.250000
8 0.727344 0.270313 0.187500 0.250000
17 0.829688 0.790625 0.187500 0.250000
27 0.445312 0.866406 0.187500 0.250000
30 0.102344 0.275781 0.187500 0.250000
25 0.364063 0.205469 0.187500 0.250000
32 0.563281 0.151562 0.187500 0.250000
13 0.525781 0.567969 0.187500 0.250000
17 0.344531 0.615625 0.187500 0.250000
13 0.546094 0.364844 0.187500 0.250000
1 0.664844 0.816406 0.187500 0.250000
