16 0.175781 0.396094 0.187500 0.250000
21 0.875000 0.242188 0.187500 0.250000
30 0.562500 0.757031 0.187500 0.250000
1 0.872656 0.588281 0.187500 0.250000
32 0.553125 0.172656 0.187500 0.250000
12 0.435937 0.532031 0.187500 0.250000
6 0.147656 0.624219 0.187500 0.250000
15 0.287500 0.755469 0.187500 0.250000
22 0.138281 0.179688 0.187500 0.250000
22 0.696875 0.471875 0.187500 0.250000
18 0.159375 0.872656 0.187500 0.250000
22 0.371875 0.317188 0.187500 0.250000
28 0.790625 0.817187 0.187500 0.250000
28 0.297656 0.128125 0.187500 0.250000
