10 0.567969 0.803125 0.187500 0.250000
13 0.859375 0.724219 0.187500 0.250000
14 0.389062 0.797656 0.187500 0.250000
33 0.482031 0.528906 0.187500 0.250000
8 0.128125 0.716406 0.187500 0.250000
13 0.750781 0.427344 0.187500 0.250000
24 0.894531 0.525000 0.187500 0.250000
7 0.579688 0.159375 0.187500 0.250000
20 0.167187 0.385937 0.187500 0.250000
25 0.292187 0.242969 0.187500 0.250000
0 0.322656 0.501563 0.187500 0.250000
25 0.757812 0.190625 0.187500 0.250000
15 0.689844 0.641406 0.187500 0.250000
27 0.602344 0.379688 0.187500 0.250000
