10 0.859375 0.507031 0.187500 0.250000
3 0.240625 0.265625 0.187500 0.250000
29 0.597656 0.734375 0.187500 0.250000
13 0.653125 0.168750 0.187500 0.250000
5 0.626563 0.506250 0.187500 0.250000
12 0.741406 0.335938 0.187500 0.250000
24 0.878906 0.848437 0.187500 0.250000
29 0.496875 0.299219 0.187500 0.250000
8 0.216406 0.771094 0.187500 0.250000
13 0.421094 0.518750 0.187500 0.250000
29 0.361719 0.136719 0.187500 0.250000
32 0.391406 0.730469 0.187500 0.250000
18 0.231250 0.562500 0.187500 0.250000
