12 0.196094 0.607812 0.187500 0.250000
24 0.883594 0.427344 0.187500 0.250000
14 0.484375 0.860156 0.187500 0.250000
18 0.694531 0.169531 0.187500 0.250000
12 0.625781 0.675781 0.187500 0.250000
1 0.379688 0.211719 0.187500 0.250000
23 0.876563 0.736719 0.187500 0.250000
15 0.251563 0.812500 0.187500 0.250000
17 0.336719 0.460156 0.187500 0.250000
6 0.712500 0.507031 0.187500 0.250000
21 0.158594 0.317969 0.187500 0.250000
28 0.503125 0.399219 0.187500 0.250000
23 0.843750 0.202344 0.187500 0.250000
12 0.463281 0.631250 0.187500 0.250000
