22 0.360156 0.500000 0.187500 0.250000
17 0.767188 0.400781 0.187500 0.250000
19 0.156250 0.559375 0.187500 0.250000
26 0.187500 0.216406 0.187500 0.250000
15 0.900000 0.258594 0.187500 0.250000
24 0.633594 0.814063 0.187500 0.250000
28 0.513281 0.271875 0.187500 0.250000
21 0.107031 0.766406 0.187500 0.250000
14 0.660156 0.610156 0.187500 0.250000
26 0.864062 0.832812 0.187500 0.250000
1 0.360156 0.253125 0.187500 0.250000
6 0.383594 0.783594 0.187500 0.250000
29 0.835156 0.615625 0.187500 0.250000
27 0.632812 0.133594 0.187500 0.250000
