0 0.821875 0.764844 0.187500 0.250000
21 0.850000 0.321875 0.187500 0.250000
25 0.232031 0.307812 0.187500 0.250000
6 0.678906 0.195312 0.187500 0.250000
20 0.789844 0.545312 0.187500 0.250000
19 0.165625 0.641406 0.187500 0.250000
29 0.310156 0.541406 0.187500 0.250000
11 0.143750 0.128125 0.187500 0.250000
20 0.477344 0.130469 0.187500 0.250000
24 0.405469 0.753906 0.187500 0.250000
32 0.507031 0.436719 0.187500 0.250000
22 0.097656 0.460156 0.187500 0.250000
27 0.298438 0.125000 0.187500 0.250000
25 0.592969 0.645312 0.187500 0.250000
