15 0.503125 0.461719 0.187500 0.250000
22 0.303125 0.441406 0.187500 0.250000
25 0.098437 0.869531 0.187500 0.250000
2 0.452344 0.230469 0.187500 0.250000
20 0.250000 0.746094 0.187500 0.250000
32 0.825000 0.271094 0.187500 0.250000
23 0.685937 0.791406 0.187500 0.250000
23 0.674219 0.315625 0.187500 0.250000
29 0.894531 0.770312 0.187500 0.250000
18 0.131250 0.450781 0.187500 0.250000
14 0.171875 0.214062 0.187500 0.250000
21 0.533594 0.668750 0.187500 0.250000
2 0.850000 0.501563 0.187500 0.250000
