7 0.514062 0.395313 0.187500 0.250000
8 0.878906 0.467187 0.187500 0.250000
20 0.660156 0.845313 0.187500 0.250000
1 0.171875 0.834375 0.187500 0.250000
26 0.364063 0.767188 0.187500 0.250000
24 0.793750 0.720313 0.187500 0.250000
11 0.600000 0.192188 0.187500 0.250000
27 0.189062 0.514062 0.187500 0.250000
22 0.504687 0.678906 0.187500 0.250000
30 0.133594 0.128906 0.187500 0.250000
33 0.672656 0.588281 0.187500 0.250000
2 0.258594 0.262500 0.187500 0.250000
30 0.887500 0.261719 0.187500 0.250000
28 0.360938 0.424219 0.187500 0.250000
