0 0.700781 0.260156 0.187500 0.250000
32 0.232031 0.507812 0.187500 0.250000
26 0.151562 0.792188 0.187500 0.250000
22 0.883594 0.597656 0.187500 0.250000
4 0.640625 0.660156 0.187500 0.250000
19 0.275000 0.156250 0.187500 0.250000
32 0.882031 0.866406 0.187500 0.250000
32 0.417187 0.228906 0.187500 0.250000
30 0.476562 0.494531 0.187500 0.250000
19 0.882812 0.143750 0.187500 0.250000
10 0.882812 0.352344 0.187500 0.250000
1 0.546094 0.869531 0.187500 0.250000
11 0.351562 0.759375 0.187500 0.250000
22 0.116406 0.296875 0.187500 0.250000
