5 0.747656 0.423438 0.187500 0.250000
24 0.617188 0.288281 0.187500 0.250000
20 0.645312 0.850000 0.187500 0.250000
30 0.163281 0.792188 0.187500 0.250000
20 0.261719 0.430469 0.187500 0.250000
23 0.544531 0.681250 0.187500 0.250000
27 0.857812 0.753906 0.187500 0.250000
21 0.132812 0.215625 0.187500 0.250000
11 0.695312 0.622656 0.187500 0.250000
0 0.859375 0.178125 0.187500 0.250000
12 0.442969 0.494531 0.187500 0.250000
33 0.470313 0.225000 0.187500 0.250000
27 0.334375 0.734375 0.187500 0.250000
21 0.902344 0.538281 0.187500 0.250000
