17 0.437500 0.142969 0.187500 0.250000
10 0.237500 0.507031 0.187500 0.250000
28 0.473438 0.497656 0.187500 0.250000
3 0.843750 0.259375 0.187500 0.250000
27 0.575781 0.850000 0.187500 0.250000
28 0.197656 0.209375 0.187500 0.250000
26 0.099219 0.685937 0.187500 0.250000
33 0.902344 0.688281 0.187500 0.250000
24 0.658594 0.189062 0.187500 0.250000
23 0.241406 0.817187 0.187500 0.250000
20 0.717969 0.480469 0.187500 0.250000
0 0.610156 0.633594 0.187500 0.250000
33 0.411719 0.786719 0.187500 0.250000
