13 0.379688 0.746875 0.187500 0.250000
20 0.890625 0.552344 0.187500 0.250000
7 0.760156 0.357812 0.187500 0.250000
5 0.116406 0.696094 0.187500 0.250000
0 0.360938 0.233594 0.187500 0.250000
2 0.707031 0.797656 0.187500 0.250000
13 0.326562 0.455469 0.187500 0.250000
12 0.542969 0.732812 0.187500 0.250000
19 0.482812 0.485156 0.187500 0.250000
10 0.156250 0.392188 0.187500 0.250000
13 0.169531 0.163281 0.187500 0.250000
19 0.239844 0.849219 0.187500 0.250000
21 0.635938 0.516406 0.187500 0.250000
24 0.546875 0.135156 0.187500 0.250000
