32 0.624219 0.653125 0.187500 0.250000
20 0.789062 0.675000 0.187500 0.250000
12 0.575000 0.386719 0.187500 0.250000
6 0.739062 0.403906 0.187500 0.250000
6 0.415625 0.774219 0.187500 0.250000
2 0.103125 0.366406 0.187500 0.250000
4 0.556250 0.158594 0.187500 0.250000
2 0.895312 0.445312 0.187500 0.250000
5 0.647656 0.870313 0.187500 0.250000
6 0.189844 0.813281 0.187500 0.250000
7 0.304688 0.414062 0.187500 0.250000
4 0.319531 0.183594 0.187500 0.250000
16 0.879687 0.841406 0.187500 0.250000
9 0.195312 0.603125 0.187500 0.250000
