25 0.801562 0.189844 0.187500 0.250000
5 0.179688 0.640625 0.187500 0.250000
32 0.208594 0.184375 0.187500 0.250000
7 0.592969 0.842969 0.187500 0.250000
30 0.437500 0.183594 0.187500 0.250000
33 0.583594 0.255469 0.187500 0.250000
31 0.546094 0.615625 0.187500 0.250000
26 0.857812 0.782813 0.187500 0.250000
27 0.273438 0.871094 0.187500 0.250000
1 0.710156 0.535156 0.187500 0.250000
4 0.862500 0.505469 0.187500 0.250000
7 0.352344 0.385156 0.187500 0.250000
23 0.431250 0.834375 0.187500 0.250000
33 0.150000 0.405469 0.187500 0.250000
