4 0.442188 0.695312 0.187500 0.250000
22 0.166406 0.860938 0.187500 0.250000
21 0.435937 0.282813 0.187500 0.250000
29 0.902344 0.435937 0.187500 0.250000
23 0.219531 0.146094 0.187500 0.250000
20 0.242188 0.652344 0.187500 0.250000
30 0.779687 0.832812 0.187500 0.250000
0 0.640625 0.195312 0.187500 0.250000
32 0.318750 0.456250 0.187500 0.250000
33 0.597656 0.510938 0.187500 0.250000
33 0.792188 0.628125 0.187500 0.250000
2 0.124219 0.442188 0.187500 0.250000
18 0.332031 0.853125 0.187500 0.250000
