7 0.489063 0.821094 0.187500 0.250000
16 0.754687 0.533594 0.187500 0.250000
0 0.264062 0.825000 0.187500 0.250000
6 0.428125 0.396094 0.187500 0.250000
22 0.107813 0.370312 0.187500 0.250000
10 0.788281 0.826562 0.187500 0.250000
6 0.696875 0.146094 0.187500 0.250000
9 0.103125 0.691406 0.187500 0.250000
5 0.307031 0.607031 0.187500 0.250000
1 0.296094 0.225781 0.187500 0.250000
30 0.903906 0.661719 0.187500 0.250000
31 0.596875 0.396094 0.187500 0.250000
10 0.902344 0.262500 0.187500 0.250000
11 0.531250 0.589063 0.187500 0.250000
