22 0.382812 0.493750 0.187500 0.250000
17 0.439063 0.731250 0.187500 0.250000
5 0.270313 0.707031 0.187500 0.250000
13 0.325000 0.191406 0.187500 0.250000
1 0.217969 0.353125 0.187500 0.250000
22 0.546094 0.245312 0.187500 0.250000
17 0.097656 0.481250 0.187500 0.250000
33 0.782813 0.139844 0.187500 0.250000
17 0.755469 0.763281 0.187500 0.250000
13 0.096094 0.715625 0.187500 0.250000
21 0.753125 0.445312 0.187500 0.250000
15 0.645312 0.589844 0.187500 0.250000
22 0.889844 0.303906 0.187500 0.250000
