25 0.192969 0.135156 0.187500 0.250000
33 0.837500 0.552344 0.187500 0.250000
12 0.377344 0.178125 0.187500 0.250000
16 0.103125 0.817187 0.187500 0.250000
9 0.564063 0.391406 0.187500 0.250000
0 0.481250 0.706250 0.187500 0.250000
28 0.217969 0.511719 0.187500 0.250000
16 0.679688 0.742969 0.187500 0.250000
3 0.900000 0.203906 0.187500 0.250000
19 0.675000 0.132031 0.187500 0.250000
23 0.396875 0.392188 0.187500 0.250000
14 0.271094 0.849219 0.187500 0.250000
31 0.833594 0.771094 0.187500 0.250000
21 0.781250 0.344531 0.187500 0.250000
