21 0.728906 0.871875 0.187500 0.250000
1 0.470313 0.688281 0.187500 0.250000
26 0.224219 0.871094 0.187500 0.250000
16 0.525781 0.337500 0.187500 0.250000
4 0.121875 0.684375 0.187500 0.250000
12 0.340625 0.276562 0.187500 0.250000
16 0.328125 0.534375 0.187500 0.250000
23 0.642188 0.546094 0.187500 0.250000
22 0.725000 0.275000 0.187500 0.250000
0 0.898438 0.837500 0.187500 0.250000
15 0.863281 0.531250 0.187500 0.250000
9 0.123438 0.178906 0.187500 0.250000
4 0.885156 0.289062 0.187500 0.250000
