9 0.317188 0.699219 0.187500 0.250000
7 0.432812 0.465625 0.187500 0.250000
26 0.575781 0.575781 0.187500 0.250000
17 0.887500 0.167969 0.187500 0.250000
29 0.828125 0.573438 0.187500 0.250000
13 0.129688 0.371094 0.187500 0.250000
15 0.628125 0.300000 0.187500 0.250000
29 0.687500 0.761719 0.187500 0.250000
20 0.314844 0.301563 0.187500 0.250000
6 0.256250 0.500000 0.187500 0.250000
28 0.462500 0.747656 0.187500 0.250000
22 0.905469 0.767969 0.187500 0.250000
25 0.121875 0.685156 0.187500 0.250000
12 0.497656 0.181250 0.187500 0.250000
