24 0.302344 0.216406 0.187500 0.250000
18 0.761719 0.665625 0.187500 0.250000
1 0.804688 0.250781 0.187500 0.250000
8 0.250781 0.475781 0.187500 0.250000
10 0.351562 0.867969 0.187500 0.250000
11 0.621875 0.592969 0.187500 0.250000
0 0.504687 0.789062 0.187500 0.250000
22 0.432031 0.471875 0.187500 0.250000
25 0.125000 0.270313 0.187500 0.250000
0 0.714844 0.429688 0.187500 0.250000
21 0.107813 0.571875 0.187500 0.250000
1 0.594531 0.162500 0.187500 0.250000
14 0.165625 0.792969 0.187500 0.250000
21 0.667969 0.864062 0.187500 0.250000
