18 0.278906 0.282031 0.187500 0.250000
27 0.641406 0.681250 0.187500 0.250000
18 0.141406 0.365625 0.187500 0.250000
15 0.622656 0.320312 0.187500 0.250000
13 0.424219 0.635938 0.187500 0.250000
5 0.485938 0.138281 0.187500 0.250000
4 0.782813 0.207813 0.187500 0.250000
8 0.235156 0.767969 0.187500 0.250000
31 0.773438 0.500781 0.187500 0.250000
10 0.504687 0.834375 0.187500 0.250000
10 0.854688 0.823438 0.187500 0.250000
8 0.450000 0.359375 0.187500 0.250000
26 0.151562 0.160156 0.187500 0.250000
23 0.142187 0.595313 0.187500 0.250000
