24 0.889062 0.359375 0.187500 0.250000
7 0.134375 0.498437 0.187500 0.250000
26 0.671094 0.603906 0.187500 0.250000
7 0.120313 0.192188 0.187500 0.250000
25 0.337500 0.149219 0.187500 0.250000
0 0.270313 0.846875 0.187500 0.250000
22 0.837500 0.635938 0.187500 0.250000
23 0.366406 0.365625 0.187500 0.250000
21 0.342187 0.664062 0.187500 0.250000
26 0.622656 0.314063 0.187500 0.250000
19 0.814063 0.184375 0.187500 0.250000
30 0.431250 0.828906 0.187500 0.250000
14 0.500000 0.603906 0.187500 0.250000
5 0.822656 0.857812 0.187500 0.250000
