33 0.180469 0.582031 0.187500 0.250000
22 0.714844 0.446094 0.187500 0.250000
24 0.435937 0.241406 0.187500 0.250000
0 0.411719 0.512500 0.187500 0.250000
23 0.779687 0.873437 0.187500 0.250000
1 0.440625 0.720313 0.187500 0.250000
9 0.637500 0.246094 0.187500 0.250000
21 0.305469 0.352344 0.187500 0.250000
28 0.903906 0.213281 0.187500 0.250000
24 0.160938 0.248438 0.187500 0.250000
26 0.611719 0.874219 0.187500 0.250000
23 0.700000 0.659375 0.187500 0.250000
16 0.903906 0.618750 0.187500 0.250000
9 0.139844 0.832031 0.187500 0.250000
