24 0.885938 0.703906 0.187500 0.250000
0 0.278906 0.645312 0.187500 0.250000
1 0.611719 0.836719 0.187500 0.250000
25 0.640625 0.572656 0.187500 0.250000
19 0.203906 0.435156 0.187500 0.250000
26 0.828125 0.385937 0.187500 0.250000
33 0.256250 0.152344 0.187500 0.250000
19 0.521875 0.141406 0.187500 0.250000
9 0.639062 0.346875 0.187500 0.250000
15 0.402344 0.779687 0.187500 0.250000
15 0.443750 0.337500 0.187500 0.250000
4 0.778125 0.153125 0.187500 0.250000
32 0.145313 0.780469 0.187500 0.250000
0 0.482031 0.592187 0.187500 0.250000
