25 0.613281 0.160938 0.187500 0.250000
8 0.190625 0.155469 0.187500 0.250000
6 0.341406 0.443750 0.187500 0.250000
25 0.899219 0.443750 0.187500 0.250000
21 0.726562 0.559375 0.187500 0.250000
20 0.160938 0.471094 0.187500 0.250000
22 0.628906 0.362500 0.187500 0.250000
19 0.503125 0.749219 0.187500 0.250000
1 0.832812 0.854688 0.187500 0.250000
7 0.503906 0.509375 0.187500 0.250000
24 0.692187 0.755469 0.187500 0.250000
14 0.214844 0.781250 0.187500 0.250000
8 0.356250 0.659375 0.187500 0.250000
22 0.900000 0.215625 0.187500 0.250000
