17 0.901563 0.490625 0.187500 0.250000
14 0.215625 0.646094 0.187500 0.250000
17 0.898438 0.842187 0.187500 0.250000
27 0.585938 0.632812 0.187500 0.250000
20 0.428906 0.873437 0.187500 0.250000
12 0.328906 0.266406 0.187500 0.250000
18 0.763281 0.724219 0.187500 0.250000
10 0.121094 0.232813 0.187500 0.250000
13 0.698438 0.335938 0.187500 0.250000
8 0.577344 0.169531 0.187500 0.250000
3 0.847656 0.173437 0.187500 0.250000
21 0.476562 0.382812 0.187500 0.250000
14 0.096094 0.798438 0.187500 0.250000
30 0.111719 0.483594 0.187500 0.250000
