0 0.749219 0.267969 0.187500 0.250000
25 0.213281 0.632812 0.187500 0.250000
5 0.607031 0.727344 0.187500 0.250000
31 0.327344 0.492188 0.187500 0.250000
32 0.788281 0.784375 0.187500 0.250000
19 0.903906 0.198437 0.187500 0.250000
19 0.790625 0.496875 0.187500 0.250000
14 0.350781 0.164062 0.187500 0.250000
29 0.635156 0.462500 0.187500 0.250000
23 0.419531 0.851562 0.187500 0.250000
21 0.234375 0.870313 0.187500 0.250000
23 0.523438 0.288281 0.187500 0.250000
0 0.141406 0.407813 0.187500 0.250000
22 0.192188 0.139063 0.187500 0.250000
