16 0.104688 0.864062 0.187500 0.250000
3 0.853125 0.242188 0.187500 0.250000
25 0.546094 0.829688 0.187500 0.250000
0 0.260156 0.764844 0.187500 0.250000
18 0.554688 0.550000 0.187500 0.250000
11 0.432812 0.364063 0.187500 0.250000
9 0.391406 0.163281 0.187500 0.250000
6 0.826562 0.686719 0.187500 0.250000
25 0.585156 0.320312 0.187500 0.250000
22 0.266406 0.379688 0.187500 0.250000
10 0.698438 0.803125 0.187500 0.250000
11 0.115625 0.319531 0.187500 0.250000
5 0.750781 0.454688 0.187500 0.250000
8 0.128125 0.606250 0.187500 0.250000
