14 0.264844 0.400000 0.187500 0.250000
33 0.496875 0.581250 0.187500 0.250000
12 0.277344 0.750781 0.187500 0.250000
7 0.525000 0.304688 0.187500 0.250000
13 0.116406 0.195312 0.187500 0.250000
19 0.854688 0.422656 0.187500 0.250000
29 0.541406 0.860938 0.187500 0.250000
23 0.901563 0.642969 0.187500 0.250000
15 0.690625 0.787500 0.187500 0.250000
7 0.096094 0.837500 0.187500 0.250000
16 0.860938 0.839844 0.187500 0.250000
14 0.387500 0.187500 0.187500 0.250000
10 0.710156 0.508594 0.187500 0.250000
25 0.700781 0.246875 0.187500 0.250000
