0 0.605469 0.249219 0.187500 0.250000
2 0.856250 0.828906 0.187500 0.250000
11 0.314844 0.398438 0.187500 0.250000
12 0.393750 0.771875 0.187500 0.250000
31 0.194531 0.204687 0.187500 0.250000
29 0.203125 0.774219 0.187500 0.250000
22 0.719531 0.546094 0.187500 0.250000
29 0.425000 0.545312 0.187500 0.250000
5 0.592187 0.682813 0.187500 0.250000
27 0.099219 0.500000 0.187500 0.250000
5 0.702344 0.856250 0.187500 0.250000
15 0.351562 0.128906 0.187500 0.250000
23 0.782813 0.256250 0.187500 0.250000
