8 0.399219 0.469531 0.187500 0.250000
6 0.592969 0.164062 0.187500 0.250000
16 0.865625 0.574219 0.187500 0.250000
11 0.623437 0.558594 0.187500 0.250000
28 0.167187 0.703906 0.187500 0.250000
3 0.785937 0.846875 0.187500 0.250000
2 0.185156 0.296094 0.187500 0.250000
16 0.314844 0.746875 0.187500 0.250000
16 0.447656 0.264062 0.187500 0.250000
28 0.838281 0.350781 0.187500 0.250000
15 0.488281 0.857812 0.187500 0.250000
0 0.876563 0.127344 0.187500 0.250000
13 0.093750 0.457813 0.187500 0.250000
