15 0.817969 0.171875 0.187500 0.250000
15 0.530469 0.214844 0.187500 0.250000
1 0.360938 0.358594 0.187500 0.250000
10 0.872656 0.435937 0.187500 0.250000
30 0.184375 0.579688 0.187500 0.250000
16 0.113281 0.130469 0.187500 0.250000
1 0.713281 0.392188 0.187500 0.250000
15 0.394531 0.622656 0.187500 0.250000
0 0.675000 0.757812 0.187500 0.250000
14 0.159375 0.863281 0.187500 0.250000
16 0.289062 0.174219 0.187500 0.250000
9 0.533594 0.468750 0.187500 0.250000
15 0.384375 0.862500 0.187500 0.250000
25 0.131250 0.339062 0.187500 0.250000
