22 0.802344 0.289844 0.187500 0.250000
7 0.221875 0.325000 0.187500 0.250000
1 0.445312 0.650781 0.187500 0.250000
23 0.651563 0.417969 0.187500 0.250000
27 0.525000 0.851562 0.187500 0.250000
27 0.209375 0.642969 0.187500 0.250000
30 0.424219 0.427344 0.187500 0.250000
0 0.882031 0.646875 0.187500 0.250000
31 0.426563 0.174219 0.187500 0.250000
11 0.703906 0.874219 0.187500 0.250000
2 0.638281 0.154688 0.187500 0.250000
2 0.605469 0.660937 0.187500 0.250000
33 0.167969 0.869531 0.187500 0.250000
