20 0.269531 0.130469 0.187500 0.250000
23 0.364844 0.871094 0.187500 0.250000
2 0.570312 0.335156 0.187500 0.250000
21 0.838281 0.192969 0.187500 0.250000
9 0.882031 0.869531 0.187500 0.250000
24 0.808594 0.628906 0.187500 0.250000
20 0.273438 0.636719 0.187500 0.250000
32 0.570312 0.676562 0.187500 0.250000
21 0.435156 0.225000 0.187500 0.250000
6 0.240625 0.364063 0.187500 0.250000
14 0.099219 0.782813 0.187500 0.250000
0 0.882812 0.426563 0.187500 0.250000
15 0.117969 0.503125 0.187500 0.250000
