10 0.666406 0.807813 0.187500 0.250000
21 0.865625 0.700000 0.187500 0.250000
11 0.580469 0.460938 0.187500 0.250000
27 0.775781 0.533594 0.187500 0.250000
29 0.220312 0.319531 0.187500 0.250000
9 0.136719 0.557031 0.187500 0.250000
2 0.898438 0.134375 0.187500 0.250000
28 0.460156 0.231250 0.187500 0.250000
4 0.372656 0.807031 0.187500 0.250000
33 0.682031 0.128906 0.187500 0.250000
27 0.497656 0.661719 0.187500 0.250000
21 0.339062 0.470313 0.187500 0.250000
21 0.167969 0.807031 0.187500 0.250000
17 0.764062 0.323437 0.187500 0.250000
