27 0.543750 0.867188 0.187500 0.250000
12 0.358594 0.849219 0.187500 0.250000
13 0.368750 0.321094 0.187500 0.250000
7 0.703125 0.502344 0.187500 0.250000
26 0.886719 0.517969 0.187500 0.250000
15 0.220312 0.406250 0.187500 0.250000
12 0.107031 0.162500 0.187500 0.250000
29 0.656250 0.240625 0.187500 0.250000
13 0.107031 0.571094 0.187500 0.250000
7 0.178906 0.818750 0.187500 0.250000
10 0.891406 0.850000 0.187500 0.250000
2 0.496094 0.603906 0.187500 0.250000
1 0.825781 0.332813 0.187500 0.250000
