26 0.132812 0.573438 0.187500 0.250000
5 0.283594 0.850000 0.187500 0.250000
31 0.613281 0.425000 0.187500 0.250000
17 0.851562 0.334375 0.187500 0.250000
19 0.192969 0.303125 0.187500 0.250000
15 0.436719 0.731250 0.187500 0.250000
27 0.895312 0.685156 0.187500 0.250000
5 0.691406 0.799219 0.187500 0.250000
21 0.776563 0.510938 0.187500 0.250000
3 0.594531 0.176563 0.187500 0.250000
9 0.340625 0.495312 0.187500 0.250000
27 0.396875 0.178125 0.187500 0.250000
22 0.589844 0.646094 0.187500 0.250000
14 0.107813 0.844531 0.187500 0.250000
