10 0.642969 0.184375 0.187500 0.250000
32 0.774219 0.689063 0.187500 0.250000
15 0.554688 0.385937 0.187500 0.250000
7 0.519531 0.797656 0.187500 0.250000
13 0.798438 0.239844 0.187500 0.250000
6 0.377344 0.214062 0.187500 0.250000
16 0.714844 0.475781 0.187500 0.250000
14 0.211719 0.285938 0.187500 0.250000
16 0.889062 0.464062 0.187500 0.250000
2 0.099219 0.639062 0.187500 0.250000
9 0.310156 0.559375 0.187500 0.250000
18 0.322656 0.803906 0.187500 0.250000
33 0.457813 0.604688 0.187500 0.250000
