30 0.253906 0.544531 0.187500 0.250000
28 0.788281 0.450781 0.187500 0.250000
22 0.593750 0.412500 0.187500 0.250000
32 0.133594 0.132812 0.187500 0.250000
24 0.762500 0.786719 0.187500 0.250000
19 0.876563 0.166406 0.187500 0.250000
6 0.379688 0.418750 0.187500 0.250000
23 0.364844 0.706250 0.187500 0.250000
30 0.216406 0.755469 0.187500 0.250000
3 0.875000 0.634375 0.187500 0.250000
6 0.554688 0.660156 0.187500 0.250000
13 0.202344 0.345313 0.187500 0.250000
25 0.328906 0.189062 0.187500 0.250000
9 0.623437 0.159375 0.187500 0.250000
