16 0.844531 0.599219 0.187500 0.250000
1 0.839844 0.168750 0.187500 0.250000
33 0.156250 0.253906 0.187500 0.250000
16 0.650000 0.251563 0.187500 0.250000
30 0.717969 0.775000 0.187500 0.250000
28 0.121875 0.741406 0.187500 0.250000
28 0.135937 0.462500 0.187500 0.250000
1 0.454688 0.465625 0.187500 0.250000
19 0.328906 0.606250 0.187500 0.250000
13 0.297656 0.837500 0.187500 0.250000
20 0.342187 0.217188 0.187500 0.250000
16 0.748437 0.407031 0.187500 0.250000
27 0.494531 0.135156 0.187500 0.250000
10 0.510156 0.764062 0.187500 0.250000
