31 0.592187 0.310937 0.187500 0.250000
3 0.292969 0.125000 0.187500 0.250000
3 0.362500 0.639062 0.187500 0.250000
1 0.553125 0.535156 0.187500 0.250000
16 0.130469 0.493750 0.187500 0.250000
17 0.896875 0.711719 0.187500 0.250000
1 0.229687 0.307031 0.187500 0.250000
14 0.439844 0.385156 0.187500 0.250000
21 0.369531 0.860938 0.187500 0.250000
26 0.891406 0.389062 0.187500 0.250000
19 0.743750 0.574219 0.187500 0.250000
24 0.814844 0.174219 0.187500 0.250000
32 0.145313 0.808594 0.187500 0.250000
