2 0.553125 0.512500 0.187500 0.250000
7 0.779687 0.150000 0.187500 0.250000
22 0.291406 0.171094 0.187500 0.250000
3 0.764062 0.401562 0.187500 0.250000
13 0.864062 0.846094 0.187500 0.250000
23 0.167187 0.539062 0.187500 0.250000
2 0.177344 0.830469 0.187500 0.250000
21 0.426563 0.835156 0.187500 0.250000
29 0.828906 0.606250 0.187500 0.250000
9 0.309375 0.665625 0.187500 0.250000
29 0.671875 0.773438 0.187500 0.250000
28 0.611719 0.310937 0.187500 0.250000
31 0.413281 0.407031 0.187500 0.250000
