16 0.314063 0.244531 0.187500 0.250000
33 0.707812 0.557813 0.187500 0.250000
13 0.307812 0.726562 0.187500 0.250000
26 0.849219 0.717187 0.187500 0.250000
9 0.528125 0.129688 0.187500 0.250000
19 0.509375 0.517969 0.187500 0.250000
10 0.569531 0.737500 0.187500 0.250000
14 0.733594 0.227344 0.187500 0.250000
23 0.146875 0.610938 0.187500 0.250000
5 0.855469 0.494531 0.187500 0.250000
29 0.196094 0.414062 0.187500 0.250000
7 0.897656 0.230469 0.187500 0.250000
12 0.110937 0.238281 0.187500 0.250000
12 0.106250 0.805469 0.187500 0.250000
