24 0.741406 0.130469 0.187500 0.250000
22 0.489844 0.154688 0.187500 0.250000
30 0.707031 0.721875 0.187500 0.250000
19 0.171094 0.782813 0.187500 0.250000
0 0.264062 0.356250 0.187500 0.250000
18 0.821094 0.364063 0.187500 0.250000
9 0.534375 0.849219 0.187500 0.250000
31 0.590625 0.484375 0.187500 0.250000
12 0.879687 0.657031 0.187500 0.250000
14 0.172656 0.183594 0.187500 0.250000
12 0.414844 0.578906 0.187500 0.250000
22 0.610938 0.278906 0.187500 0.250000
7 0.369531 0.803906 0.187500 0.250000
19 0.103906 0.595313 0.187500 0.250000
