4 0.732031 0.652344 0.187500 0.250000
13 0.182812 0.560156 0.187500 0.250000
11 0.421094 0.150781 0.187500 0.250000
4 0.331250 0.335156 0.187500 0.250000
21 0.507812 0.866406 0.187500 0.250000
17 0.721094 0.135937 0.187500 0.250000
9 0.644531 0.451562 0.187500 0.250000
4 0.271875 0.774219 0.187500 0.250000
4 0.532813 0.596875 0.187500 0.250000
26 0.121875 0.205469 0.187500 0.250000
16 0.817969 0.835938 0.187500 0.250000
8 0.121094 0.857812 0.187500 0.250000
20 0.556250 0.282031 0.187500 0.250000
0 0.883594 0.435937 0.187500 0.250000
