11 0.667188 0.128125 0.187500 0.250000
22 0.553906 0.394531 0.187500 0.250000
23 0.732031 0.763281 0.187500 0.250000
30 0.403125 0.321875 0.187500 0.250000
7 0.303125 0.829688 0.187500 0.250000
21 0.506250 0.673438 0.187500 0.250000
10 0.816406 0.535937 0.187500 0.250000
6 0.823438 0.142187 0.187500 0.250000
3 0.327344 0.507812 0.187500 0.250000
26 0.902344 0.316406 0.187500 0.250000
17 0.192188 0.294531 0.187500 0.250000
9 0.327344 0.132812 0.187500 0.250000
4 0.098437 0.860156 0.187500 0.250000
2 0.185938 0.623437 0.187500 0.250000
