23 0.609375 0.418750 0.187500 0.250000
9 0.366406 0.173437 0.187500 0.250000
13 0.205469 0.264062 0.187500 0.250000
5 0.902344 0.844531 0.187500 0.250000
12 0.496875 0.629687 0.187500 0.250000
19 0.709375 0.673438 0.187500 0.250000
3 0.154688 0.619531 0.187500 0.250000
27 0.862500 0.492969 0.187500 0.250000
10 0.891406 0.169531 0.187500 0.250000
1 0.578125 0.856250 0.187500 0.250000
19 0.181250 0.865625 0.187500 0.250000
25 0.675781 0.135156 0.187500 0.250000
3 0.535156 0.235937 0.187500 0.250000
22 0.421875 0.393750 0.187500 0.250000
