2 0.432812 0.148438 0.187500 0.250000
32 0.715625 0.376563 0.187500 0.250000
25 0.824219 0.703906 0.187500 0.250000
26 0.348438 0.525781 0.187500 0.250000
21 0.108594 0.223438 0.187500 0.250000
7 0.148438 0.861719 0.187500 0.250000
9 0.651563 0.665625 0.187500 0.250000
16 0.130469 0.507031 0.187500 0.250000
17 0.871094 0.135156 0.187500 0.250000
28 0.493750 0.732812 0.187500 0.250000
28 0.309375 0.792188 0.187500 0.250000
20 0.296875 0.278906 0.187500 0.250000
17 0.657031 0.171094 0.187500 0.250000
28 0.552344 0.496875 0.187500 0.250000
