2 0.515625 0.700781 0.187500 0.250000
12 0.777344 0.525000 0.187500 0.250000
7 0.726562 0.148438 0.187500 0.250000
22 0.698438 0.349219 0.187500 0.250000
6 0.250000 0.542188 0.187500 0.250000
12 0.451562 0.262500 0.187500 0.250000
5 0.686719 0.831250 0.187500 0.250000
9 0.466406 0.497656 0.187500 0.250000
26 0.151562 0.374219 0.187500 0.250000
18 0.247656 0.200000 0.187500 0.250000
27 0.098437 0.670312 0.187500 0.250000
3 0.875781 0.804688 0.187500 0.250000
16 0.324219 0.813281 0.187500 0.250000
13 0.885156 0.141406 0.187500 0.250000
