25 0.742969 0.803125 0.187500 0.250000
3 0.694531 0.301563 0.187500 0.250000
8 0.377344 0.855469 0.187500 0.250000
23 0.220312 0.192969 0.187500 0.250000
0 0.727344 0.596094 0.187500 0.250000
3 0.857031 0.184375 0.187500 0.250000
1 0.194531 0.803906 0.187500 0.250000
16 0.398438 0.327344 0.187500 0.250000
30 0.211719 0.400000 0.187500 0.250000
5 0.499219 0.512500 0.187500 0.250000
8 0.570312 0.164844 0.187500 0.250000
0 0.849219 0.389062 0.187500 0.250000
2 0.903125 0.751563 0.187500 0.250000
16 0.585156 0.802344 0.187500 0.250000
