17 0.275781 0.245312 0.187500 0.250000
10 0.840625 0.228906 0.187500 0.250000
30 0.422656 0.667188 0.187500 0.250000
25 0.246875 0.762500 0.187500 0.250000
27 0.886719 0.579688 0.187500 0.250000
2 0.701562 0.822656 0.187500 0.250000
10 0.664062 0.280469 0.187500 0.250000
6 0.152344 0.592187 0.187500 0.250000
6 0.389062 0.435937 0.187500 0.250000
9 0.432031 0.142187 0.187500 0.250000
29 0.728906 0.617969 0.187500 0.250000
0 0.517969 0.862500 0.187500 0.250000
12 0.891406 0.818750 0.187500 0.250000
30 0.094531 0.174219 0.187500 0.250000
