8 0.832031 0.298438 0.187500 0.250000
15 0.119531 0.497656 0.187500 0.250000
14 0.757031 0.500781 0.187500 0.250000
32 0.285938 0.671875 0.187500 0.250000
4 0.573438 0.507812 0.187500 0.250000
17 0.631250 0.204687 0.187500 0.250000
5 0.108594 0.125000 0.187500 0.250000
22 0.676562 0.798438 0.187500 0.250000
8 0.492969 0.753125 0.187500 0.250000
22 0.277344 0.334375 0.187500 0.250000
18 0.123438 0.706250 0.187500 0.250000
3 0.364844 0.157812 0.187500 0.250000
26 0.873437 0.633594 0.187500 0.250000
