3 0.872656 0.271875 0.187500 0.250000
16 0.165625 0.399219 0.187500 0.250000
29 0.654687 0.609375 0.187500 0.250000
8 0.339844 0.732031 0.187500 0.250000
27 0.100781 0.217969 0.187500 0.250000
27 0.696875 0.385937 0.187500 0.250000
5 0.832031 0.493750 0.187500 0.250000
30 0.499219 0.437500 0.187500 0.250000
13 0.492188 0.645312 0.187500 0.250000
13 0.856250 0.769531 0.187500 0.250000
24 0.700000 0.856250 0.187500 0.250000
26 0.167969 0.729688 0.187500 0.250000
15 0.373437 0.260156 0.187500 0.250000
11 0.308594 0.532813 0.187500 0.250000
