23 0.356250 0.489844 0.187500 0.250000
4 0.681250 0.425000 0.187500 0.250000
2 0.510938 0.689844 0.187500 0.250000
27 0.901563 0.275781 0.187500 0.250000
13 0.393750 0.191406 0.187500 0.250000
10 0.235156 0.736719 0.187500 0.250000
24 0.181250 0.307812 0.187500 0.250000
22 0.610938 0.175000 0.187500 0.250000
17 0.755469 0.668750 0.187500 0.250000
28 0.664062 0.857812 0.187500 0.250000
21 0.424219 0.863281 0.187500 0.250000
24 0.095312 0.613281 0.187500 0.250000
29 0.889062 0.478125 0.187500 0.250000
