5 0.707812 0.289844 0.187500 0.250000
23 0.417187 0.171094 0.187500 0.250000
33 0.257812 0.659375 0.187500 0.250000
2 0.480469 0.425000 0.187500 0.250000
21 0.419531 0.678906 0.187500 0.250000
30 0.575000 0.153125 0.187500 0.250000
14 0.317188 0.356250 0.187500 0.250000
19 0.573438 0.840625 0.187500 0.250000
31 0.789062 0.466406 0.187500 0.250000
2 0.103906 0.143750 0.187500 0.250000
6 0.703125 0.700000 0.187500 0.250000
10 0.855469 0.160156 0.187500 0.250000
23 0.628906 0.465625 0.187500 0.250000
32 0.863281 0.844531 0.187500 0.250000
