20 0.621094 0.416406 0.187500 0.250000
33 0.703125 0.835938 0.187500 0.250000
15 0.862500 0.238281 0.187500 0.250000
3 0.136719 0.173437 0.187500 0.250000
32 0.360156 0.514062 0.187500 0.250000
29 0.725000 0.608594 0.187500 0.250000
24 0.344531 0.253125 0.187500 0.250000
8 0.352344 0.770312 0.187500 0.250000
9 0.874219 0.637500 0.187500 0.250000
12 0.561719 0.712500 0.187500 0.250000
28 0.549219 0.190625 0.187500 0.250000
24 0.142187 0.586719 0.187500 0.250000
9 0.214844 0.363281 0.187500 0.250000
32 0.185156 0.828125 0.187500 0.250000
