6 0.144531 0.239844 0.187500 0.250000
3 0.513281 0.153125 0.187500 0.250000
31 0.353906 0.375000 0.187500 0.250000
21 0.228125 0.605469 0.187500 0.250000
32 0.456250 0.857812 0.187500 0.250000
5 0.718750 0.587500 0.187500 0.250000
14 0.866406 0.770312 0.187500 0.250000
24 0.101562 0.768750 0.187500 0.250000
14 0.547656 0.585938 0.187500 0.250000
12 0.719531 0.253906 0.187500 0.250000
19 0.659375 0.857031 0.187500 0.250000
27 0.289844 0.163281 0.187500 0.250000
18 0.559375 0.369531 0.187500 0.250000
