21 0.095312 0.770312 0.187500 0.250000
14 0.182812 0.153125 0.187500 0.250000
18 0.800000 0.633594 0.187500 0.250000
15 0.260156 0.550000 0.187500 0.250000
14 0.684375 0.438281 0.187500 0.250000
23 0.518750 0.821875 0.187500 0.250000
22 0.890625 0.803906 0.187500 0.250000
19 0.796875 0.196094 0.187500 0.250000
25 0.495312 0.146094 0.187500 0.250000
24 0.114062 0.504687 0.187500 0.250000
23 0.900781 0.472656 0.187500 0.250000
2 0.446875 0.553906 0.187500 0.250000
3 0.678906 0.789844 0.187500 0.250000
33 0.275000 0.344531 0.187500 0.250000
