27 0.321875 0.189844 0.187500 0.250000
30 0.407813 0.377344 0.187500 0.250000
8 0.103906 0.614844 0.187500 0.250000
28 0.735156 0.667188 0.187500 0.250000
10 0.613281 0.829688 0.187500 0.250000
22 0.642188 0.342969 0.187500 0.250000
27 0.823438 0.228906 0.187500 0.250000
28 0.232031 0.848437 0.187500 0.250000
20 0.392969 0.761719 0.187500 0.250000
4 0.183594 0.323437 0.187500 0.250000
14 0.153125 0.126562 0.187500 0.250000
3 0.587500 0.607812 0.187500 0.250000
12 0.876563 0.822656 0.187500 0.250000
20 0.470313 0.150000 0.187500 0.250000
