20 0.885938 0.507812 0.187500 0.250000
32 0.328906 0.390625 0.187500 0.250000
3 0.510156 0.737500 0.187500 0.250000
8 0.778906 0.170313 0.187500 0.250000
12 0.771875 0.738281 0.187500 0.250000
22 0.189062 0.516406 0.187500 0.250000
24 0.673438 0.553125 0.187500 0.250000
16 0.336719 0.667188 0.187500 0.250000
22 0.727344 0.364063 0.187500 0.250000
27 0.188281 0.822656 0.187500 0.250000
13 0.571875 0.364063 0.187500 0.250000
4 0.128125 0.125000 0.187500 0.250000
24 0.438281 0.135937 0.187500 0.250000
