6 0.181250 0.271094 0.187500 0.250000
13 0.817969 0.252344 0.187500 0.250000
1 0.729688 0.640625 0.187500 0.250000
3 0.235156 0.692969 0.187500 0.250000
32 0.626563 0.384375 0.187500 0.250000
0 0.401562 0.439063 0.187500 0.250000
25 0.464062 0.764062 0.187500 0.250000
13 0.435937 0.224219 0.187500 0.250000
24 0.900781 0.755469 0.187500 0.250000
25 0.554688 0.571094 0.187500 0.250000
6 0.099219 0.440625 0.187500 0.250000
12 0.888281 0.542969 0.187500 0.250000
32 0.632812 0.155469 0.187500 0.250000
