0 0.240625 0.803906 0.187500 0.250000
10 0.191406 0.254688 0.187500 0.250000
10 0.761719 0.222656 0.187500 0.250000
10 0.147656 0.601562 0.187500 0.250000
25 0.684375 0.400781 0.187500 0.250000
17 0.721094 0.864062 0.187500 0.250000
0 0.530469 0.639844 0.187500 0.250000
17 0.859375 0.566406 0.187500 0.250000
32 0.586719 0.221875 0.187500 0.250000
19 0.496875 0.864062 0.187500 0.250000
16 0.349219 0.285938 0.187500 0.250000
0 0.896875 0.772656 0.187500 0.250000
6 0.696094 0.653125 0.187500 0.250000
21 0.357812 0.658594 0.187500 0.250000
