4 0.760156 0.150000 0.187500 0.250000
15 0.434375 0.172656 0.187500 0.250000
22 0.515625 0.425000 0.187500 0.250000
3 0.121094 0.396094 0.187500 0.250000
29 0.148438 0.867188 0.187500 0.250000
1 0.525781 0.627344 0.187500 0.250000
3 0.871094 0.330469 0.187500 0.250000
19 0.863281 0.675000 0.187500 0.250000
9 0.296875 0.324219 0.187500 0.250000
24 0.666406 0.460156 0.187500 0.250000
26 0.332031 0.580469 0.187500 0.250000
29 0.122656 0.187500 0.187500 0.250000
21 0.111719 0.667188 0.187500 0.250000
10 0.700000 0.869531 0.187500 0.250000
