6 0.470313 0.709375 0.187500 0.250000
11 0.582812 0.454688 0.187500 0.250000
25 0.142969 0.439844 0.187500 0.250000
13 0.837500 0.772656 0.187500 0.250000
18 0.900781 0.139844 0.187500 0.250000
18 0.314844 0.459375 0.187500 0.250000
31 0.145313 0.874219 0.187500 0.250000
33 0.721875 0.250000 0.187500 0.250000
4 0.839844 0.462500 0.187500 0.250000
5 0.396094 0.221875 0.187500 0.250000
5 0.629687 0.685937 0.187500 0.250000
21 0.148438 0.185938 0.187500 0.250000
13 0.560937 0.250781 0.187500 0.250000
