8 0.335156 0.180469 0.187500 0.250000
24 0.409375 0.839844 0.187500 0.250000
33 0.193750 0.791406 0.187500 0.250000
19 0.639062 0.725000 0.187500 0.250000
22 0.137500 0.500781 0.187500 0.250000
27 0.786719 0.492969 0.187500 0.250000
20 0.287500 0.553125 0.187500 0.250000
27 0.429688 0.360156 0.187500 0.250000
27 0.706250 0.242188 0.187500 0.250000
5 0.157812 0.269531 0.187500 0.250000
0 0.500781 0.544531 0.187500 0.250000
32 0.876563 0.134375 0.187500 0.250000
2 0.792188 0.731250 0.187500 0.250000
