26 0.573438 0.305469 0.187500 0.250000
20 0.757031 0.142187 0.187500 0.250000
21 0.110937 0.863281 0.187500 0.250000
4 0.824219 0.521094 0.187500 0.250000
26 0.123438 0.612500 0.187500 0.250000
25 0.296875 0.533594 0.187500 0.250000
18 0.808594 0.777344 0.187500 0.250000
5 0.347656 0.757031 0.187500 0.250000
27 0.616406 0.603125 0.187500 0.250000
13 0.184375 0.306250 0.187500 0.250000
14 0.482031 0.489844 0.187500 0.250000
2 0.618750 0.812500 0.187500 0.250000
20 0.906250 0.281250 0.187500 0.250000
1 0.340625 0.284375 0.187500 0.250000
