1 0.628125 0.531250 0.187500 0.250000
17 0.156250 0.337500 0.187500 0.250000
10 0.389062 0.553125 0.187500 0.250000
21 0.786719 0.279687 0.187500 0.250000
23 0.882812 0.528906 0.187500 0.250000
24 0.521875 0.310937 0.187500 0.250000
21 0.366406 0.212500 0.187500 0.250000
20 0.879687 0.767188 0.187500 0.250000
30 0.179688 0.657813 0.187500 0.250000
6 0.736719 0.700000 0.187500 0.250000
12 0.603125 0.799219 0.187500 0.250000
26 0.257812 0.844531 0.187500 0.250000
8 0.439844 0.875000 0.187500 0.250000
