21 0.145313 0.842187 0.187500 0.250000
23 0.186719 0.156250 0.187500 0.250000
2 0.406250 0.310156 0.187500 0.250000
6 0.750781 0.512500 0.187500 0.250000
8 0.515625 0.847656 0.187500 0.250000
0 0.576562 0.355469 0.187500 0.250000
19 0.822656 0.842187 0.187500 0.250000
2 0.851562 0.129688 0.187500 0.250000
19 0.749219 0.298438 0.187500 0.250000
19 0.506250 0.612500 0.187500 0.250000
29 0.260156 0.668750 0.187500 0.250000
10 0.625000 0.160938 0.187500 0.250000
5 0.660937 0.768750 0.187500 0.250000
5 0.240625 0.432031 0.187500 0.250000
