19 0.360156 0.628125 0.187500 0.250000
22 0.420312 0.415625 0.187500 0.250000
23 0.813281 0.294531 0.187500 0.250000
24 0.108594 0.189062 0.187500 0.250000
25 0.596875 0.557813 0.187500 0.250000
17 0.736719 0.712500 0.187500 0.250000
33 0.610938 0.200781 0.187500 0.250000
17 0.448437 0.176563 0.187500 0.250000
26 0.247656 0.295312 0.187500 0.250000
28 0.882812 0.870313 0.187500 0.250000
33 0.481250 0.782813 0.187500 0.250000
16 0.115625 0.556250 0.187500 0.250000
6 0.116406 0.769531 0.187500 0.250000
22 0.836719 0.509375 0.187500 0.250000
