13 0.289062 0.831250 0.187500 0.250000
33 0.675781 0.314844 0.187500 0.250000
20 0.457813 0.639062 0.187500 0.250000
4 0.300000 0.621094 0.187500 0.250000
31 0.871094 0.783594 0.187500 0.250000
14 0.595313 0.771094 0.187500 0.250000
5 0.286719 0.129688 0.187500 0.250000
30 0.485156 0.425000 0.187500 0.250000
5 0.761719 0.535156 0.187500 0.250000
28 0.859375 0.135156 0.187500 0.250000
32 0.102344 0.703125 0.187500 0.250000
24 0.529687 0.216406 0.187500 0.250000
7 0.220312 0.355469 0.187500 0.250000
