12 0.571094 0.750781 0.187500 0.250000
31 0.261719 0.311719 0.187500 0.250000
10 0.146875 0.864062 0.187500 0.250000
25 0.775781 0.205469 0.187500 0.250000
21 0.548438 0.149219 0.187500 0.250000
28 0.564844 0.459375 0.187500 0.250000
25 0.139063 0.468750 0.187500 0.250000
30 0.392188 0.555469 0.187500 0.250000
10 0.717187 0.496875 0.187500 0.250000
15 0.328906 0.859375 0.187500 0.250000
16 0.894531 0.867188 0.187500 0.250000
33 0.261719 0.679688 0.187500 0.250000
29 0.724219 0.782031 0.187500 0.250000
2 0.115625 0.228906 0.187500 0.250000
