16 0.751563 0.682813 0.187500 0.250000
13 0.347656 0.418750 0.187500 0.250000
0 0.858594 0.238281 0.187500 0.250000
14 0.291406 0.797656 0.187500 0.250000
14 0.848437 0.864844 0.187500 0.250000
20 0.278125 0.234375 0.187500 0.250000
31 0.143750 0.414844 0.187500 0.250000
25 0.533594 0.710156 0.187500 0.250000
7 0.584375 0.507031 0.187500 0.250000
26 0.892188 0.567969 0.187500 0.250000
7 0.591406 0.253906 0.187500 0.250000
14 0.178125 0.660937 0.187500 0.250000
5 0.119531 0.203125 0.187500 0.250000
