4 0.606250 0.175000 0.187500 0.250000
7 0.586719 0.855469 0.187500 0.250000
22 0.710156 0.442969 0.187500 0.250000
9 0.185156 0.344531 0.187500 0.250000
22 0.706250 0.669531 0.187500 0.250000
4 0.859375 0.342969 0.187500 0.250000
26 0.116406 0.153125 0.187500 0.250000
28 0.117969 0.795312 0.187500 0.250000
11 0.358594 0.245312 0.187500 0.250000
5 0.263281 0.728906 0.187500 0.250000
29 0.537500 0.477344 0.187500 0.250000
14 0.454688 0.683594 0.187500 0.250000
32 0.132812 0.550000 0.187500 0.250000
10 0.829688 0.788281 0.187500 0.250000
