2 0.278906 0.171875 0.187500 0.250000
29 0.547656 0.349219 0.187500 0.250000
22 0.631250 0.742969 0.187500 0.250000
28 0.098437 0.564844 0.187500 0.250000
13 0.836719 0.682031 0.187500 0.250000
16 0.285938 0.656250 0.187500 0.250000
26 0.779687 0.219531 0.187500 0.250000
2 0.123438 0.153906 0.187500 0.250000
16 0.467187 0.687500 0.187500 0.250000
6 0.128125 0.849219 0.187500 0.250000
30 0.767969 0.493750 0.187500 0.250000
28 0.336719 0.361719 0.187500 0.250000
4 0.350781 0.838281 0.187500 0.250000
