30 0.792188 0.389844 0.187500 0.250000
13 0.667188 0.253125 0.187500 0.250000
33 0.434375 0.625000 0.187500 0.250000
6 0.213281 0.689844 0.187500 0.250000
27 0.121875 0.200781 0.187500 0.250000
33 0.357812 0.374219 0.187500 0.250000
11 0.353906 0.811719 0.187500 0.250000
3 0.539844 0.458594 0.187500 0.250000
4 0.832031 0.610938 0.187500 0.250000
1 0.858594 0.177344 0.187500 0.250000
30 0.607812 0.698438 0.187500 0.250000
14 0.161719 0.471094 0.187500 0.250000
0 0.360938 0.137500 0.187500 0.250000
