15 0.416406 0.824219 0.187500 0.250000
25 0.560937 0.128906 0.187500 0.250000
20 0.325000 0.367188 0.187500 0.250000
30 0.705469 0.602344 0.187500 0.250000
25 0.878906 0.839844 0.187500 0.250000
27 0.208594 0.691406 0.187500 0.250000
4 0.570312 0.724219 0.187500 0.250000
27 0.099219 0.531250 0.187500 0.250000
2 0.892969 0.192969 0.187500 0.250000
21 0.450781 0.587500 0.187500 0.250000
13 0.714844 0.316406 0.187500 0.250000
0 0.474219 0.335156 0.187500 0.250000
23 0.897656 0.561719 0.187500 0.250000
2 0.166406 0.189844 0.187500 0.250000
