0 0.796094 0.218750 0.187500 0.250000
26 0.239844 0.721094 0.187500 0.250000
7 0.448437 0.840625 0.187500 0.250000
31 0.677344 0.578125 0.187500 0.250000
8 0.103906 0.208594 0.187500 0.250000
11 0.480469 0.282031 0.187500 0.250000
17 0.330469 0.336719 0.187500 0.250000
32 0.703125 0.778125 0.187500 0.250000
17 0.635938 0.320312 0.187500 0.250000
10 0.408594 0.522656 0.187500 0.250000
9 0.878125 0.671875 0.187500 0.250000
31 0.115625 0.435937 0.187500 0.250000
13 0.119531 0.844531 0.187500 0.250000
30 0.840625 0.417969 0.187500 0.250000
