13 0.175000 0.678125 0.187500 0.250000
17 0.467969 0.479687 0.187500 0.250000
28 0.283594 0.502344 0.187500 0.250000
20 0.578906 0.202344 0.187500 0.250000
19 0.280469 0.267188 0.187500 0.250000
12 0.317969 0.796875 0.187500 0.250000
7 0.864844 0.685156 0.187500 0.250000
4 0.699219 0.827344 0.187500 0.250000
16 0.874219 0.408594 0.187500 0.250000
5 0.755469 0.236719 0.187500 0.250000
33 0.095312 0.374219 0.187500 0.250000
12 0.660156 0.586719 0.187500 0.250000
12 0.503125 0.872656 0.187500 0.250000
