28 0.807031 0.143750 0.187500 0.250000
4 0.138281 0.217969 0.187500 0.250000
26 0.215625 0.443750 0.187500 0.250000
13 0.595313 0.592969 0.187500 0.250000
2 0.835156 0.813281 0.187500 0.250000
33 0.667969 0.400781 0.187500 0.250000
28 0.205469 0.864844 0.187500 0.250000
6 0.428906 0.132031 0.187500 0.250000
12 0.178906 0.664062 0.187500 0.250000
14 0.875781 0.605469 0.187500 0.250000
10 0.418750 0.758594 0.187500 0.250000
21 0.501563 0.369531 0.187500 0.250000
33 0.596094 0.834375 0.187500 0.250000
0 0.371094 0.522656 0.187500 0.250000
