25 0.537500 0.540625 0.187500 0.250000
23 0.430469 0.793750 0.187500 0.250000
20 0.683594 0.817969 0.187500 0.250000
18 0.896094 0.780469 0.187500 0.250000
27 0.589063 0.171094 0.187500 0.250000
2 0.314063 0.610156 0.187500 0.250000
33 0.875000 0.137500 0.187500 0.250000
4 0.139063 0.322656 0.187500 0.250000
11 0.228906 0.829688 0.187500 0.250000
23 0.736719 0.369531 0.187500 0.250000
9 0.389844 0.417187 0.187500 0.250000
2 0.110937 0.573438 0.187500 0.250000
9 0.384375 0.180469 0.187500 0.250000
19 0.789844 0.582031 0.187500 0.250000
