24 0.375781 0.808594 0.187500 0.250000
11 0.839063 0.350000 0.187500 0.250000
26 0.438281 0.339062 0.187500 0.250000
17 0.840625 0.721094 0.187500 0.250000
6 0.316406 0.568750 0.187500 0.250000
6 0.162500 0.185938 0.187500 0.250000
29 0.710156 0.471875 0.187500 0.250000
15 0.617969 0.292187 0.187500 0.250000
9 0.346094 0.142187 0.187500 0.250000
7 0.103906 0.735938 0.187500 0.250000
11 0.661719 0.785156 0.187500 0.250000
3 0.496875 0.558594 0.187500 0.250000
21 0.778125 0.146094 0.187500 0.250000
10 0.160938 0.394531 0.187500 0.250000
