28 0.782031 0.678125 0.187500 0.250000
17 0.428906 0.425000 0.187500 0.250000
12 0.260156 0.196094 0.187500 0.250000
16 0.589063 0.377344 0.187500 0.250000
26 0.529687 0.139063 0.187500 0.250000
32 0.360156 0.871875 0.187500 0.250000
0 0.113281 0.558594 0.187500 0.250000
18 0.882031 0.148438 0.187500 0.250000
4 0.726562 0.204687 0.187500 0.250000
11 0.309375 0.603906 0.187500 0.250000
18 0.167969 0.851562 0.187500 0.250000
4 0.617969 0.639062 0.187500 0.250000
1 0.857031 0.496875 0.187500 0.250000
23 0.657813 0.841406 0.187500 0.250000
