19 0.652344 0.424219 0.187500 0.250000
12 0.748437 0.752344 0.187500 0.250000
1 0.396094 0.310937 0.187500 0.250000
0 0.570312 0.208594 0.187500 0.250000
13 0.824219 0.559375 0.187500 0.250000
28 0.200000 0.296094 0.187500 0.250000
0 0.818750 0.226562 0.187500 0.250000
10 0.197656 0.688281 0.187500 0.250000
33 0.415625 0.557813 0.187500 0.250000
17 0.616406 0.861719 0.187500 0.250000
31 0.360156 0.815625 0.187500 0.250000
8 0.120313 0.506250 0.187500 0.250000
0 0.901563 0.875000 0.187500 0.250000
