15 0.470313 0.457813 0.187500 0.250000
19 0.895312 0.151562 0.187500 0.250000
25 0.807813 0.581250 0.187500 0.250000
3 0.372656 0.668750 0.187500 0.250000
0 0.617969 0.274219 0.187500 0.250000
1 0.242188 0.281250 0.187500 0.250000
4 0.129688 0.646875 0.187500 0.250000
1 0.449219 0.127344 0.187500 0.250000
16 0.769531 0.818750 0.187500 0.250000
10 0.239063 0.854688 0.187500 0.250000
7 0.864062 0.358594 0.187500 0.250000
5 0.542969 0.860938 0.187500 0.250000
2 0.124219 0.431250 0.187500 0.250000
13 0.642969 0.564844 0.187500 0.250000
