26 0.378125 0.375000 0.187500 0.250000
0 0.361719 0.828125 0.187500 0.250000
25 0.207031 0.264062 0.187500 0.250000
4 0.330469 0.568750 0.187500 0.250000
21 0.446875 0.174219 0.187500 0.250000
8 0.200000 0.467187 0.187500 0.250000
26 0.607812 0.392969 0.187500 0.250000
15 0.664844 0.825000 0.187500 0.250000
33 0.550781 0.617188 0.187500 0.250000
33 0.900000 0.318750 0.187500 0.250000
4 0.105469 0.668750 0.187500 0.250000
30 0.752344 0.183594 0.187500 0.250000
22 0.885156 0.853906 0.187500 0.250000
12 0.514062 0.871094 0.187500 0.250000
