14 0.674219 0.450781 0.187500 0.250000
11 0.462500 0.328125 0.187500 0.250000
3 0.900000 0.453125 0.187500 0.250000
4 0.444531 0.720313 0.187500 0.250000
5 0.307031 0.394531 0.187500 0.250000
24 0.319531 0.870313 0.187500 0.250000
6 0.249219 0.580469 0.187500 0.250000
26 0.621875 0.664062 0.187500 0.250000
1 0.369531 0.128125 0.187500 0.250000
22 0.630469 0.166406 0.187500 0.250000
0 0.901563 0.750781 0.187500 0.250000
18 0.206250 0.177344 0.187500 0.250000
12 0.803906 0.269531 0.187500 0.250000
11 0.774219 0.616406 0.187500 0.250000
