21 0.167969 0.339062 0.187500 0.250000
7 0.775781 0.191406 0.187500 0.250000
16 0.902344 0.850000 0.187500 0.250000
14 0.173437 0.674219 0.187500 0.250000
32 0.445312 0.403906 0.187500 0.250000
19 0.479687 0.199219 0.187500 0.250000
33 0.507031 0.826562 0.187500 0.250000
22 0.736719 0.546875 0.187500 0.250000
17 0.278125 0.192188 0.187500 0.250000
14 0.542969 0.625781 0.187500 0.250000
32 0.325781 0.610938 0.187500 0.250000
18 0.131250 0.139063 0.187500 0.250000
2 0.620313 0.306250 0.187500 0.250000
20 0.891406 0.567187 0.187500 0.250000
