30 0.539844 0.224219 0.187500 0.250000
5 0.139063 0.427344 0.187500 0.250000
12 0.503125 0.647656 0.187500 0.250000
10 0.873437 0.288281 0.187500 0.250000
6 0.378906 0.312500 0.187500 0.250000
4 0.830469 0.596094 0.187500 0.250000
29 0.244531 0.822656 0.187500 0.250000
24 0.621875 0.508594 0.187500 0.250000
1 0.768750 0.808594 0.187500 0.250000
21 0.271094 0.607812 0.187500 0.250000
10 0.749219 0.164844 0.187500 0.250000
18 0.601562 0.837500 0.187500 0.250000
10 0.188281 0.201563 0.187500 0.250000
