2 0.669531 0.653125 0.187500 0.250000
6 0.842187 0.744531 0.187500 0.250000
6 0.460156 0.304688 0.187500 0.250000
1 0.135937 0.214062 0.187500 0.250000
21 0.311719 0.537500 0.187500 0.250000
21 0.518750 0.766406 0.187500 0.250000
24 0.751563 0.303125 0.187500 0.250000
21 0.279687 0.817969 0.187500 0.250000
15 0.889844 0.170313 0.187500 0.250000
29 0.125000 0.700781 0.187500 0.250000
3 0.295312 0.165625 0.187500 0.250000
17 0.896875 0.460156 0.187500 0.250000
21 0.477344 0.566406 0.187500 0.250000
