8 0.884375 0.382031 0.187500 0.250000
10 0.166406 0.677344 0.187500 0.250000
4 0.659375 0.178906 0.187500 0.250000
27 0.136719 0.253906 0.187500 0.250000
24 0.261719 0.405469 0.187500 0.250000
11 0.641406 0.461719 0.187500 0.250000
21 0.776563 0.656250 0.187500 0.250000
22 0.414844 0.234375 0.187500 0.250000
14 0.658594 0.853906 0.187500 0.250000
2 0.109375 0.476562 0.187500 0.250000
26 0.353125 0.578125 0.187500 0.250000
3 0.342969 0.849219 0.187500 0.250000
19 0.515625 0.687500 0.187500 0.250000
6 0.900000 0.796094 0.187500 0.250000
