7 0.272656 0.611719 0.187500 0.250000
0 0.672656 0.160156 0.187500 0.250000
1 0.464062 0.374219 0.187500 0.250000
8 0.674219 0.455469 0.187500 0.250000
15 0.634375 0.687500 0.187500 0.250000
10 0.174219 0.453906 0.187500 0.250000
13 0.867188 0.421875 0.187500 0.250000
16 0.477344 0.131250 0.187500 0.250000
25 0.272656 0.239844 0.187500 0.250000
26 0.346094 0.872656 0.187500 0.250000
11 0.892188 0.832031 0.187500 0.250000
8 0.131250 0.721875 0.187500 0.250000
15 0.520312 0.865625 0.187500 0.250000
9 0.832031 0.133594 0.187500 0.250000
