17 0.732812 0.844531 0.187500 0.250000
4 0.793750 0.506250 0.187500 0.250000
9 0.243750 0.394531 0.187500 0.250000
9 0.821094 0.158594 0.187500 0.250000
14 0.275781 0.690625 0.187500 0.250000
1 0.154688 0.814844 0.187500 0.250000
8 0.570312 0.578125 0.187500 0.250000
17 0.570312 0.200000 0.187500 0.250000
23 0.410938 0.810156 0.187500 0.250000
28 0.135937 0.575000 0.187500 0.250000
16 0.224219 0.193750 0.187500 0.250000
18 0.403125 0.453125 0.187500 0.250000
6 0.399219 0.232813 0.187500 0.250000
