2 0.447656 0.571875 0.187500 0.250000
4 0.769531 0.484375 0.187500 0.250000
21 0.531250 0.801562 0.187500 0.250000
33 0.484375 0.238281 0.187500 0.250000
28 0.160938 0.830469 0.187500 0.250000
15 0.208594 0.577344 0.187500 0.250000
12 0.609375 0.427344 0.187500 0.250000
15 0.888281 0.614844 0.187500 0.250000
6 0.246875 0.310937 0.187500 0.250000
30 0.782031 0.782031 0.187500 0.250000
27 0.821875 0.273438 0.187500 0.250000
19 0.666406 0.217188 0.187500 0.250000
12 0.100781 0.374219 0.187500 0.250000
