16 0.875781 0.149219 0.187500 0.250000
20 0.661719 0.314844 0.187500 0.250000
16 0.832812 0.501563 0.187500 0.250000
10 0.101562 0.838281 0.187500 0.250000
22 0.530469 0.595313 0.187500 0.250000
10 0.105469 0.588281 0.187500 0.250000
26 0.365625 0.125000 0.187500 0.250000
32 0.794531 0.698438 0.187500 0.250000
32 0.105469 0.175781 0.187500 0.250000
23 0.428906 0.366406 0.187500 0.250000
33 0.269531 0.634375 0.187500 0.250000
22 0.257812 0.321094 0.187500 0.250000
10 0.651563 0.813281 0.187500 0.250000
22 0.376563 0.814844 0.187500 0.250000
