5 0.388281 0.260156 0.187500 0.250000
12 0.738281 0.439063 0.187500 0.250000
22 0.152344 0.767188 0.187500 0.250000
2 0.578906 0.568750 0.187500 0.250000
6 0.536719 0.200781 0.187500 0.250000
12 0.318750 0.442188 0.187500 0.250000
18 0.119531 0.170313 0.187500 0.250000
13 0.696875 0.180469 0.187500 0.250000
33 0.656250 0.848437 0.187500 0.250000
12 0.891406 0.692969 0.187500 0.250000
19 0.860156 0.176563 0.187500 0.250000
5 0.114844 0.551562 0.187500 0.250000
26 0.501563 0.852344 0.187500 0.250000
