26 0.483594 0.532031 0.187500 0.250000
17 0.288281 0.722656 0.187500 0.250000
13 0.310156 0.148438 0.187500 0.250000
11 0.857812 0.298438 0.187500 0.250000
22 0.885156 0.801562 0.187500 0.250000
16 0.587500 0.786719 0.187500 0.250000
19 0.097656 0.537500 0.187500 0.250000
15 0.150781 0.289062 0.187500 0.250000
16 0.635156 0.128125 0.187500 0.250000
28 0.733594 0.675781 0.187500 0.250000
24 0.315625 0.491406 0.187500 0.250000
7 0.678125 0.433594 0.187500 0.250000
24 0.153125 0.855469 0.187500 0.250000
