23 0.867188 0.545312 0.187500 0.250000
5 0.353125 0.400781 0.187500 0.250000
17 0.524219 0.758594 0.187500 0.250000
20 0.471875 0.197656 0.187500 0.250000
23 0.110156 0.212500 0.187500 0.250000
19 0.682813 0.437500 0.187500 0.250000
20 0.308594 0.697656 0.187500 0.250000
8 0.197656 0.537500 0.187500 0.250000
1 0.450000 0.563281 0.187500 0.250000
8 0.149219 0.768750 0.187500 0.250000
30 0.891406 0.327344 0.187500 0.250000
28 0.789844 0.853906 0.187500 0.250000
12 0.732031 0.211719 0.187500 0.250000
3 0.279687 0.150781 0.187500 0.250000
