8 0.663281 0.424219 0.187500 0.250000
15 0.270313 0.769531 0.187500 0.250000
2 0.872656 0.393750 0.187500 0.250000
10 0.407031 0.397656 0.187500 0.250000
28 0.178125 0.393750 0.187500 0.250000
17 0.681250 0.685937 0.187500 0.250000
2 0.846094 0.191406 0.187500 0.250000
22 0.331250 0.585938 0.187500 0.250000
11 0.503125 0.736719 0.187500 0.250000
25 0.443750 0.193750 0.187500 0.250000
24 0.844531 0.759375 0.187500 0.250000
27 0.275781 0.192969 0.187500 0.250000
13 0.682031 0.142969 0.187500 0.250000
30 0.534375 0.529687 0.187500 0.250000
