11 0.160156 0.516406 0.187500 0.250000
17 0.839063 0.292187 0.187500 0.250000
13 0.616406 0.716406 0.187500 0.250000
23 0.493750 0.553906 0.187500 0.250000
17 0.314844 0.839063 0.187500 0.250000
16 0.537500 0.208594 0.187500 0.250000
9 0.142187 0.154688 0.187500 0.250000
28 0.888281 0.539062 0.187500 0.250000
4 0.345313 0.453906 0.187500 0.250000
20 0.808594 0.714063 0.187500 0.250000
15 0.695312 0.544531 0.187500 0.250000
33 0.159375 0.732031 0.187500 0.250000
28 0.324219 0.201563 0.187500 0.250000
