15 0.265625 0.498437 0.187500 0.250000
5 0.534375 0.414062 0.187500 0.250000
24 0.888281 0.126562 0.187500 0.250000
8 0.856250 0.657813 0.187500 0.250000
29 0.207031 0.738281 0.187500 0.250000
30 0.660156 0.728906 0.187500 0.250000
1 0.520312 0.862500 0.187500 0.250000
9 0.590625 0.221875 0.187500 0.250000
8 0.419531 0.177344 0.187500 0.250000
32 0.714063 0.450000 0.187500 0.250000
10 0.334375 0.867969 0.187500 0.250000
29 0.877344 0.404687 0.187500 0.250000
22 0.197656 0.133594 0.187500 0.250000
14 0.452344 0.667969 0.187500 0.250000
