33 0.896875 0.767188 0.187500 0.250000
9 0.717187 0.219531 0.187500 0.250000
20 0.539062 0.783594 0.187500 0.250000
21 0.875781 0.276562 0.187500 0.250000
7 0.173437 0.644531 0.187500 0.250000
1 0.325000 0.142969 0.187500 0.250000
0 0.569531 0.325000 0.187500 0.250000
11 0.679688 0.520312 0.187500 0.250000
13 0.354687 0.478125 0.187500 0.250000
9 0.367969 0.846094 0.187500 0.250000
3 0.208594 0.310937 0.187500 0.250000
25 0.505469 0.125000 0.187500 0.250000
14 0.110937 0.835938 0.187500 0.250000
7 0.683594 0.872656 0.187500 0.250000
