33 0.131250 0.560937 0.187500 0.250000
8 0.890625 0.779687 0.187500 0.250000
0 0.185938 0.763281 0.187500 0.250000
20 0.802344 0.609375 0.187500 0.250000
7 0.317969 0.659375 0.187500 0.250000
0 0.721875 0.300781 0.187500 0.250000
24 0.242188 0.240625 0.187500 0.250000
9 0.487500 0.142187 0.187500 0.250000
18 0.569531 0.768750 0.187500 0.250000
13 0.568750 0.482812 0.187500 0.250000
17 0.386719 0.367188 0.187500 0.250000
20 0.828906 0.129688 0.187500 0.250000
5 0.710156 0.857812 0.187500 0.250000
