33 0.248438 0.514062 0.187500 0.250000
22 0.767969 0.707812 0.187500 0.250000
27 0.789844 0.179688 0.187500 0.250000
3 0.856250 0.403125 0.187500 0.250000
12 0.472656 0.239063 0.187500 0.250000
13 0.158594 0.845313 0.187500 0.250000
12 0.675000 0.439063 0.187500 0.250000
24 0.281250 0.127344 0.187500 0.250000
12 0.632031 0.232813 0.187500 0.250000
10 0.434375 0.807031 0.187500 0.250000
8 0.407031 0.433594 0.187500 0.250000
27 0.649219 0.873437 0.187500 0.250000
18 0.160156 0.250000 0.187500 0.250000
2 0.115625 0.626563 0.187500 0.250000
