27 0.422656 0.517188 0.187500 0.250000
20 0.502344 0.822656 0.187500 0.250000
4 0.590625 0.264062 0.187500 0.250000
30 0.180469 0.402344 0.187500 0.250000
0 0.887500 0.421094 0.187500 0.250000
5 0.184375 0.761719 0.187500 0.250000
0 0.839844 0.803906 0.187500 0.250000
19 0.392969 0.315625 0.187500 0.250000
10 0.616406 0.620313 0.187500 0.250000
18 0.831250 0.194531 0.187500 0.250000
19 0.346094 0.832812 0.187500 0.250000
17 0.262500 0.168750 0.187500 0.250000
24 0.658594 0.824219 0.187500 0.250000
14 0.790625 0.603125 0.187500 0.250000
