14 0.451562 0.249219 0.187500 0.250000
14 0.589844 0.363281 0.187500 0.250000
23 0.901563 0.618750 0.187500 0.250000
10 0.637500 0.834375 0.187500 0.250000
13 0.166406 0.264062 0.187500 0.250000
13 0.550000 0.603906 0.187500 0.250000
10 0.791406 0.823438 0.187500 0.250000
3 0.312500 0.352344 0.187500 0.250000
29 0.125781 0.672656 0.187500 0.250000
26 0.734375 0.619531 0.187500 0.250000
27 0.760938 0.204687 0.187500 0.250000
8 0.313281 0.801562 0.187500 0.250000
3 0.093750 0.873437 0.187500 0.250000
