30 0.430469 0.424219 0.187500 0.250000
7 0.666406 0.466406 0.187500 0.250000
5 0.392969 0.656250 0.187500 0.250000
18 0.198437 0.835156 0.187500 0.250000
16 0.173437 0.478125 0.187500 0.250000
1 0.873437 0.429688 0.187500 0.250000
19 0.531250 0.838281 0.187500 0.250000
1 0.497656 0.150781 0.187500 0.250000
0 0.716406 0.221094 0.187500 0.250000
5 0.847656 0.861719 0.187500 0.250000
29 0.274219 0.217969 0.187500 0.250000
28 0.784375 0.678125 0.187500 0.250000
15 0.358594 0.862500 0.187500 0.250000
3 0.903125 0.126562 0.187500 0.250000
