11 0.384375 0.516406 0.187500 0.250000
0 0.780469 0.214844 0.187500 0.250000
0 0.152344 0.678125 0.187500 0.250000
8 0.858594 0.732031 0.187500 0.250000
11 0.552344 0.391406 0.187500 0.250000
5 0.627344 0.656250 0.187500 0.250000
16 0.411719 0.860156 0.187500 0.250000
13 0.338281 0.299219 0.187500 0.250000
30 0.164844 0.471094 0.187500 0.250000
5 0.167187 0.247656 0.187500 0.250000
27 0.642969 0.861719 0.187500 0.250000
0 0.540625 0.128125 0.187500 0.250000
14 0.873437 0.503906 0.187500 0.250000
