2 0.139844 0.848437 0.187500 0.250000
18 0.299219 0.450000 0.187500 0.250000
27 0.653125 0.690625 0.187500 0.250000
16 0.825781 0.541406 0.187500 0.250000
1 0.582031 0.176563 0.187500 0.250000
9 0.469531 0.803125 0.187500 0.250000
30 0.495312 0.417969 0.187500 0.250000
29 0.253125 0.257031 0.187500 0.250000
5 0.747656 0.324219 0.187500 0.250000
23 0.211719 0.633594 0.187500 0.250000
30 0.303125 0.872656 0.187500 0.250000
33 0.108594 0.457031 0.187500 0.250000
3 0.883594 0.725781 0.187500 0.250000
