32 0.480469 0.735938 0.187500 0.250000
25 0.096875 0.269531 0.187500 0.250000
23 0.742969 0.734375 0.187500 0.250000
26 0.220312 0.539062 0.187500 0.250000
14 0.823438 0.489844 0.187500 0.250000
18 0.103125 0.810937 0.187500 0.250000
12 0.667969 0.399219 0.187500 0.250000
22 0.434375 0.513281 0.187500 0.250000
25 0.521094 0.164844 0.187500 0.250000
14 0.768750 0.214062 0.187500 0.250000
2 0.328906 0.202344 0.187500 0.250000
22 0.265625 0.756250 0.187500 0.250000
29 0.587500 0.585156 0.187500 0.250000
