5 0.469531 0.792969 0.187500 0.250000
20 0.682813 0.652344 0.187500 0.250000
21 0.228906 0.345313 0.187500 0.250000
0 0.810937 0.538281 0.187500 0.250000
25 0.403906 0.181250 0.187500 0.250000
16 0.824219 0.296875 0.187500 0.250000
4 0.593750 0.135156 0.187500 0.250000
22 0.507031 0.464844 0.187500 0.250000
25 0.248438 0.846875 0.187500 0.250000
19 0.756250 0.849219 0.187500 0.250000
24 0.122656 0.125781 0.187500 0.250000
18 0.118750 0.521875 0.187500 0.250000
2 0.328906 0.549219 0.187500 0.250000
23 0.666406 0.435156 0.187500 0.250000
