21 0.720313 0.379688 0.187500 0.250000
27 0.581250 0.625000 0.187500 0.250000
32 0.746875 0.142969 0.187500 0.250000
10 0.727344 0.819531 0.187500 0.250000
6 0.883594 0.775000 0.187500 0.250000
14 0.414844 0.190625 0.187500 0.250000
11 0.335938 0.483594 0.187500 0.250000
32 0.175000 0.525781 0.187500 0.250000
26 0.504687 0.853125 0.187500 0.250000
7 0.322656 0.830469 0.187500 0.250000
11 0.096875 0.149219 0.187500 0.250000
2 0.231250 0.287500 0.187500 0.250000
13 0.746875 0.615625 0.187500 0.250000
30 0.535937 0.417969 0.187500 0.250000
